# Spherical Bessel functions via up and down recursion
0.100000  7.271511e-21  3.426744e+02
0.200000  7.441173e-18 -1.371593e-01
0.300000  4.286293e-16  3.908256e-04
0.400000  7.599905e-15 -3.662896e-04
0.500000  7.064124e-14 -2.153573e-05
0.600000  4.363467e-13  3.815484e-06
0.700000  2.032691e-12 -7.701172e-07
0.800000  7.701463e-12 -3.546635e-07
0.900000  2.491675e-11  2.769321e-08
1.000000  7.116553e-11  4.001015e-08
1.100000  1.837427e-10  5.860302e-09
1.200000  4.364346e-10 -4.876726e-09
1.300000  9.664368e-10 -1.533027e-09
1.400000  2.015872e-09  2.260301e-09
1.500000  3.993441e-09  3.449675e-09
1.600000  7.563022e-09  7.336673e-09
1.700000  1.376747e-08  1.372920e-08
1.800000  2.419736e-08  2.419953e-08
1.900000  4.121588e-08  4.124506e-08
2.000000  6.825301e-08  6.834199e-08
2.100000  1.101832e-07  1.101869e-07
2.200000  1.738026e-07  1.738001e-07
2.300000  2.684239e-07  2.684388e-07
2.400000  4.066066e-07  4.066024e-07
2.500000  6.050436e-07  6.050456e-07
2.600000  8.856241e-07  8.856258e-07
2.700000  1.276695e-06  1.276698e-06
2.800000  1.814543e-06  1.814543e-06
2.900000  2.545114e-06  2.545114e-06
3.000000  3.526004e-06  3.526003e-06
3.100000  4.828719e-06  4.828720e-06
3.200000  6.541251e-06  6.541251e-06
3.300000  8.770955e-06  8.770955e-06
3.400000  1.164777e-05  1.164777e-05
3.500000  1.532779e-05  1.532779e-05
3.600000  1.999713e-05  1.999713e-05
3.700000  2.587622e-05  2.587622e-05
3.800000  3.322440e-05  3.322440e-05
3.900000  4.234485e-05  4.234485e-05
4.000000  5.358987e-05  5.358987e-05
4.100000  6.736642e-05  6.736642e-05
4.200000  8.414202e-05  8.414202e-05
4.300000  1.044508e-04  1.044508e-04
4.400000  1.288997e-04  1.288997e-04
4.500000  1.581752e-04  1.581752e-04
4.600000  1.930493e-04  1.930493e-04
4.700000  2.343867e-04  2.343867e-04
4.800000  2.831506e-04  2.831506e-04
4.900000  3.404099e-04  3.404099e-04
5.000000  4.073442e-04  4.073442e-04
5.100000  4.852508e-04  4.852508e-04
5.200000  5.755489e-04  5.755489e-04
5.300000  6.797854e-04  6.797854e-04
5.400000  7.996384e-04  7.996384e-04
5.500000  9.369210e-04  9.369210e-04
5.600000  1.093584e-03  1.093584e-03
5.700000  1.271716e-03  1.271716e-03
5.800000  1.473545e-03  1.473545e-03
5.900000  1.701440e-03  1.701440e-03
6.000000  1.957901e-03  1.957901e-03
6.100000  2.245565e-03  2.245565e-03
6.200000  2.567194e-03  2.567194e-03
6.300000  2.925670e-03  2.925670e-03
6.400000  3.323985e-03  3.323985e-03
6.500000  3.765233e-03  3.765233e-03
6.600000  4.252595e-03  4.252595e-03
6.700000  4.789324e-03  4.789324e-03
6.800000  5.378731e-03  5.378731e-03
6.900000  6.024163e-03  6.024163e-03
7.000000  6.728985e-03  6.728985e-03
7.100000  7.496556e-03  7.496556e-03
7.200000  8.330202e-03  8.330202e-03
7.300000  9.233193e-03  9.233193e-03
7.400000  1.020871e-02  1.020871e-02
7.500000  1.125983e-02  1.125983e-02
7.600000  1.238946e-02  1.238946e-02
7.700000  1.360035e-02  1.360035e-02
7.800000  1.489500e-02  1.489500e-02
7.900000  1.627570e-02  1.627570e-02
8.000000  1.774441e-02  1.774441e-02
8.100000  1.930280e-02  1.930280e-02
8.200000  2.095216e-02  2.095216e-02
8.300000  2.269338e-02  2.269338e-02
8.400000  2.452691e-02  2.452691e-02
8.500000  2.645274e-02  2.645274e-02
8.600000  2.847034e-02  2.847034e-02
8.700000  3.057865e-02  3.057865e-02
8.800000  3.277602e-02  3.277602e-02
8.900000  3.506020e-02  3.506020e-02
9.000000  3.742834e-02  3.742834e-02
9.100000  3.987688e-02  3.987688e-02
9.200000  4.240163e-02  4.240163e-02
9.300000  4.499769e-02  4.499769e-02
9.400000  4.765945e-02  4.765945e-02
9.500000  5.038057e-02  5.038057e-02
9.600000  5.315403e-02  5.315403e-02
9.700000  5.597205e-02  5.597205e-02
9.800000  5.882614e-02  5.882614e-02
9.900000  6.170714e-02  6.170714e-02
10.000000  6.460515e-02  6.460515e-02
10.100000  6.750966e-02  6.750966e-02
10.200000  7.040949e-02  7.040949e-02
10.300000  7.329287e-02  7.329287e-02
10.400000  7.614748e-02  7.614748e-02
10.500000  7.896045e-02  7.896045e-02
10.600000  8.171851e-02  8.171851e-02
10.700000  8.440794e-02  8.440794e-02
10.800000  8.701470e-02  8.701470e-02
10.900000  8.952449e-02  8.952449e-02
11.000000  9.192281e-02  9.192281e-02
11.100000  9.419506e-02  9.419506e-02
11.200000  9.632661e-02  9.632661e-02
11.300000  9.830288e-02  9.830288e-02
11.400000  1.001095e-01  1.001095e-01
11.500000  1.017322e-01  1.017322e-01
11.600000  1.031573e-01  1.031573e-01
11.700000  1.043713e-01  1.043713e-01
11.800000  1.053616e-01  1.053616e-01
11.900000  1.061158e-01  1.061158e-01
12.000000  1.066225e-01  1.066225e-01
12.100000  1.068713e-01  1.068713e-01
12.200000  1.068525e-01  1.068525e-01
12.300000  1.065575e-01  1.065575e-01
12.400000  1.059788e-01  1.059788e-01
12.500000  1.051103e-01  1.051103e-01
12.600000  1.039470e-01  1.039470e-01
12.700000  1.024855e-01  1.024855e-01
12.800000  1.007235e-01  1.007235e-01
12.900000  9.866054e-02  9.866054e-02
13.000000  9.629760e-02  9.629760e-02
13.100000  9.363725e-02  9.363725e-02
13.200000  9.068374e-02  9.068374e-02
13.300000  8.744298e-02  8.744298e-02
13.400000  8.392256e-02  8.392256e-02
13.500000  8.013175e-02  8.013175e-02
13.600000  7.608152e-02  7.608152e-02
13.700000  7.178450e-02  7.178450e-02
13.800000  6.725494e-02  6.725494e-02
13.900000  6.250868e-02  6.250868e-02
14.000000  5.756311e-02  5.756311e-02
14.100000  5.243707e-02  5.243707e-02
14.200000  4.715079e-02  4.715079e-02
14.300000  4.172581e-02  4.172581e-02
14.400000  3.618485e-02  3.618485e-02
14.500000  3.055173e-02  3.055173e-02
14.600000  2.485123e-02  2.485123e-02
14.700000  1.910895e-02  1.910895e-02
14.800000  1.335119e-02  1.335119e-02
14.900000  7.604792e-03  7.604792e-03
15.000000  1.896979e-03  1.896979e-03
15.100000 -3.744800e-03 -3.744800e-03
15.200000 -9.293040e-03 -9.293040e-03
15.300000 -1.472035e-02 -1.472035e-02
15.400000 -1.999963e-02 -1.999963e-02
15.500000 -2.510425e-02 -2.510425e-02
15.600000 -3.000821e-02 -3.000821e-02
15.700000 -3.468633e-02 -3.468633e-02
15.800000 -3.911442e-02 -3.911442e-02
15.900000 -4.326946e-02 -4.326946e-02
16.000000 -4.712975e-02 -4.712975e-02
16.100000 -5.067506e-02 -5.067506e-02
16.200000 -5.388681e-02 -5.388681e-02
16.300000 -5.674819e-02 -5.674819e-02
16.400000 -5.924431e-02 -5.924431e-02
16.500000 -6.136230e-02 -6.136230e-02
16.600000 -6.309146e-02 -6.309146e-02
16.700000 -6.442329e-02 -6.442329e-02
16.800000 -6.535164e-02 -6.535164e-02
16.900000 -6.587275e-02 -6.587275e-02
17.000000 -6.598529e-02 -6.598529e-02
17.100000 -6.569041e-02 -6.569041e-02
17.200000 -6.499178e-02 -6.499178e-02
17.300000 -6.389554e-02 -6.389554e-02
17.400000 -6.241033e-02 -6.241033e-02
17.500000 -6.054724e-02 -6.054724e-02
17.600000 -5.831975e-02 -5.831975e-02
17.700000 -5.574367e-02 -5.574367e-02
17.800000 -5.283707e-02 -5.283707e-02
17.900000 -4.962014e-02 -4.962014e-02
18.000000 -4.611513e-02 -4.611513e-02
18.100000 -4.234612e-02 -4.234612e-02
18.200000 -3.833898e-02 -3.833898e-02
18.300000 -3.412113e-02 -3.412113e-02
18.400000 -2.972139e-02 -2.972139e-02
18.500000 -2.516979e-02 -2.516979e-02
18.600000 -2.049737e-02 -2.049737e-02
18.700000 -1.573598e-02 -1.573598e-02
18.800000 -1.091804e-02 -1.091804e-02
18.900000 -6.076353e-03 -6.076353e-03
19.000000 -1.243850e-03 -1.243850e-03
19.100000  3.546623e-03  3.546623e-03
19.200000  8.262542e-03  8.262542e-03
19.300000  1.287193e-02  1.287193e-02
19.400000  1.734359e-02  1.734359e-02
19.500000  2.164732e-02  2.164732e-02
19.600000  2.575414e-02  2.575414e-02
19.700000  2.963649e-02  2.963649e-02
19.800000  3.326845e-02  3.326845e-02
19.900000  3.662589e-02  3.662589e-02
20.000000  3.968670e-02  3.968670e-02
20.100000  4.243092e-02  4.243092e-02
20.200000  4.484089e-02  4.484089e-02
20.300000  4.690139e-02  4.690139e-02
20.400000  4.859976e-02  4.859976e-02
20.500000  4.992598e-02  4.992598e-02
20.600000  5.087275e-02  5.087275e-02
20.700000  5.143556e-02  5.143556e-02
20.800000  5.161273e-02  5.161273e-02
20.900000  5.140538e-02  5.140538e-02
21.000000  5.081747e-02  5.081747e-02
21.100000  4.985577e-02  4.985577e-02
21.200000  4.852977e-02  4.852977e-02
21.300000  4.685166e-02  4.685166e-02
21.400000  4.483620e-02  4.483620e-02
21.500000  4.250062e-02  4.250062e-02
21.600000  3.986452e-02  3.986452e-02
21.700000  3.694967e-02  3.694967e-02
21.800000  3.377986e-02  3.377986e-02
21.900000  3.038075e-02  3.038075e-02
22.000000  2.677964e-02  2.677964e-02
22.100000  2.300527e-02  2.300527e-02
22.200000  1.908759e-02  1.908759e-02
22.300000  1.505755e-02  1.505755e-02
22.400000  1.094684e-02  1.094684e-02
22.500000  6.787645e-03  6.787645e-03
22.600000  2.612412e-03  2.612412e-03
22.700000 -1.546416e-03 -1.546416e-03
22.800000 -5.656648e-03 -5.656648e-03
22.900000 -9.686598e-03 -9.686598e-03
23.000000 -1.360533e-02 -1.360533e-02
23.100000 -1.738289e-02 -1.738289e-02
23.200000 -2.099057e-02 -2.099057e-02
23.300000 -2.440109e-02 -2.440109e-02
23.400000 -2.758885e-02 -2.758885e-02
23.500000 -3.053008e-02 -3.053008e-02
23.600000 -3.320309e-02 -3.320309e-02
23.700000 -3.558838e-02 -3.558838e-02
23.800000 -3.766883e-02 -3.766883e-02
23.900000 -3.942980e-02 -3.942980e-02
24.000000 -4.085926e-02 -4.085926e-02
24.100000 -4.194789e-02 -4.194789e-02
24.200000 -4.268912e-02 -4.268912e-02
24.300000 -4.307920e-02 -4.307920e-02
24.400000 -4.311721e-02 -4.311721e-02
24.500000 -4.280508e-02 -4.280508e-02
24.600000 -4.214754e-02 -4.214754e-02
24.700000 -4.115209e-02 -4.115209e-02
24.800000 -3.982894e-02 -3.982894e-02
24.900000 -3.819090e-02 -3.819090e-02
25.000000 -3.625329e-02 -3.625329e-02
25.100000 -3.403379e-02 -3.403379e-02
25.200000 -3.155230e-02 -3.155230e-02
25.300000 -2.883077e-02 -2.883077e-02
25.400000 -2.589303e-02 -2.589303e-02
25.500000 -2.276454e-02 -2.276454e-02
25.600000 -1.947223e-02 -1.947223e-02
25.700000 -1.604426e-02 -1.604426e-02
25.800000 -1.250975e-02 -1.250975e-02
25.900000 -8.898596e-03 -8.898596e-03
26.000000 -5.241172e-03 -5.241172e-03
26.100000 -1.568097e-03 -1.568097e-03
26.200000  2.090021e-03  2.090021e-03
26.300000  5.702841e-03  5.702841e-03
26.400000  9.240540e-03  9.240540e-03
26.500000  1.267406e-02  1.267406e-02
26.600000  1.597535e-02  1.597535e-02
26.700000  1.911758e-02  1.911758e-02
26.800000  2.207540e-02  2.207540e-02
26.900000  2.482510e-02  2.482510e-02
27.000000  2.734484e-02  2.734484e-02
27.100000  2.961482e-02  2.961482e-02
27.200000  3.161741e-02  3.161741e-02
27.300000  3.333735e-02  3.333735e-02
27.400000  3.476179e-02  3.476179e-02
27.500000  3.588047e-02  3.588047e-02
27.600000  3.668576e-02  3.668576e-02
27.700000  3.717271e-02  3.717271e-02
27.800000  3.733909e-02  3.733909e-02
27.900000  3.718541e-02  3.718541e-02
28.000000  3.671489e-02  3.671489e-02
28.100000  3.593343e-02  3.593343e-02
28.200000  3.484956e-02  3.484956e-02
28.300000  3.347433e-02  3.347433e-02
28.400000  3.182125e-02  3.182125e-02
28.500000  2.990612e-02  2.990612e-02
28.600000  2.774692e-02  2.774692e-02
28.700000  2.536361e-02  2.536361e-02
28.800000  2.277802e-02  2.277802e-02
28.900000  2.001359e-02  2.001359e-02
29.000000  1.709517e-02  1.709517e-02
29.100000  1.404883e-02  1.404883e-02
29.200000  1.090164e-02  1.090164e-02
29.300000  7.681370e-03  7.681370e-03
29.400000  4.416319e-03  4.416319e-03
29.500000  1.135024e-03  1.135024e-03
29.600000 -2.133969e-03 -2.133969e-03
29.700000 -5.362361e-03 -5.362361e-03
29.800000 -8.522337e-03 -8.522337e-03
29.900000 -1.158681e-02 -1.158681e-02
30.000000 -1.452965e-02 -1.452965e-02
30.100000 -1.732591e-02 -1.732591e-02
30.200000 -1.995204e-02 -1.995204e-02
30.300000 -2.238608e-02 -2.238608e-02
30.400000 -2.460786e-02 -2.460786e-02
30.500000 -2.659915e-02 -2.659915e-02
30.600000 -2.834382e-02 -2.834382e-02
30.700000 -2.982798e-02 -2.982798e-02
30.800000 -3.104008e-02 -3.104008e-02
30.900000 -3.197102e-02 -3.197102e-02
31.000000 -3.261419e-02 -3.261419e-02
31.100000 -3.296556e-02 -3.296556e-02
31.200000 -3.302366e-02 -3.302366e-02
31.300000 -3.278962e-02 -3.278962e-02
31.400000 -3.226714e-02 -3.226714e-02
31.500000 -3.146242e-02 -3.146242e-02
31.600000 -3.038414e-02 -3.038414e-02
31.700000 -2.904336e-02 -2.904336e-02
31.800000 -2.745336e-02 -2.745336e-02
31.900000 -2.562962e-02 -2.562962e-02
32.000000 -2.358957e-02 -2.358957e-02
32.100000 -2.135249e-02 -2.135249e-02
32.200000 -1.893931e-02 -1.893931e-02
32.300000 -1.637243e-02 -1.637243e-02
32.400000 -1.367549e-02 -1.367549e-02
32.500000 -1.087319e-02 -1.087319e-02
32.600000 -7.991053e-03 -7.991053e-03
32.700000 -5.055179e-03 -5.055179e-03
32.800000 -2.092030e-03 -2.092030e-03
32.900000  8.718124e-04  8.718124e-04
33.000000  3.809887e-03  3.809887e-03
33.100000  6.696084e-03  6.696084e-03
33.200000  9.504881e-03  9.504881e-03
33.300000  1.221156e-02  1.221156e-02
33.400000  1.479244e-02  1.479244e-02
33.500000  1.722507e-02  1.722507e-02
33.600000  1.948843e-02  1.948843e-02
33.700000  2.156312e-02  2.156312e-02
33.800000  2.343150e-02  2.343150e-02
33.900000  2.507788e-02  2.507788e-02
34.000000  2.648865e-02  2.648865e-02
34.100000  2.765234e-02  2.765234e-02
34.200000  2.855977e-02  2.855977e-02
34.300000  2.920413e-02  2.920413e-02
34.400000  2.958098e-02  2.958098e-02
34.500000  2.968830e-02  2.968830e-02
34.600000  2.952655e-02  2.952655e-02
34.700000  2.909856e-02  2.909856e-02
34.800000  2.840959e-02  2.840959e-02
34.900000  2.746722e-02  2.746722e-02
35.000000  2.628126e-02  2.628126e-02
35.100000  2.486372e-02  2.486372e-02
35.200000  2.322861e-02  2.322861e-02
35.300000  2.139186e-02  2.139186e-02
35.400000  1.937115e-02  1.937115e-02
35.500000  1.718575e-02  1.718575e-02
35.600000  1.485633e-02  1.485633e-02
35.700000  1.240478e-02  1.240478e-02
35.800000  9.853992e-03  9.853992e-03
35.900000  7.227650e-03  7.227650e-03
36.000000  4.550027e-03  4.550027e-03
36.100000  1.845750e-03  1.845750e-03
36.200000 -8.604253e-04 -8.604249e-04
36.300000 -3.543834e-03 -3.543833e-03
36.400000 -6.180130e-03 -6.180130e-03
36.500000 -8.745507e-03 -8.745506e-03
36.600000 -1.121691e-02 -1.121691e-02
36.700000 -1.357224e-02 -1.357224e-02
36.800000 -1.579057e-02 -1.579057e-02
36.900000 -1.785230e-02 -1.785230e-02
37.000000 -1.973935e-02 -1.973934e-02
37.100000 -2.143532e-02 -2.143531e-02
37.200000 -2.292563e-02 -2.292562e-02
37.300000 -2.419764e-02 -2.419764e-02
37.400000 -2.524078e-02 -2.524077e-02
37.500000 -2.604659e-02 -2.604657e-02
37.600000 -2.660887e-02 -2.660882e-02
37.700000 -2.691675e-02 -2.692354e-02
37.800000 -2.698898e-02 -2.698905e-02
37.900000 -2.680590e-02 -2.680594e-02
38.000000 -2.637708e-02 -2.637711e-02
38.100000 -2.570765e-02 -2.570768e-02
38.200000 -2.480494e-02 -2.480497e-02
38.300000 -2.367836e-02 -2.367839e-02
38.400000 -2.233936e-02 -2.233939e-02
38.500000 -2.080128e-02 -2.080131e-02
38.600000 -1.907924e-02 -1.907928e-02
38.700000 -1.718999e-02 -1.719003e-02
38.800000 -1.515174e-02 -1.515178e-02
38.900000 -1.298398e-02 -1.298404e-02
39.000000 -1.070735e-02 -1.070741e-02
39.100000 -8.343356e-03 -8.343424e-03
39.200000 -5.914252e-03 -5.914331e-03
39.300000 -3.442780e-03 -3.442873e-03
39.400000 -9.519816e-04 -9.520920e-04
39.500000  1.535025e-03  1.534893e-03
39.600000  3.995256e-03  3.995097e-03
39.700000  6.406074e-03  6.405879e-03
39.800000  8.745393e-03  8.745153e-03
39.900000  1.099189e-02  1.099159e-02
40.000000  1.312518e-02  1.312480e-02
40.100000  1.512604e-02  1.512555e-02
40.200000  1.697654e-02  1.697590e-02
40.300000  1.866025e-02  1.865937e-02
40.400000  2.016235e-02  2.016112e-02
40.500000  2.146986e-02  2.146804e-02
40.600000  2.257185e-02  2.256888e-02
40.700000  2.346022e-02  2.345437e-02
40.800000  2.414068e-02  2.411725e-02
40.900000  2.453378e-02  2.455238e-02
41.000000  2.474870e-02  2.475675e-02
41.100000  2.472374e-02  2.472950e-02
41.200000  2.446708e-02  2.447193e-02
41.300000  2.398304e-02  2.398748e-02
41.400000  2.327741e-02  2.328168e-02
41.500000  2.235784e-02  2.236210e-02
41.600000  2.123391e-02  2.123827e-02
41.700000  1.991703e-02  1.992158e-02
41.800000  1.842034e-02  1.842517e-02
41.900000  1.675860e-02  1.676380e-02
42.000000  1.494803e-02  1.495370e-02
42.100000  1.300618e-02  1.301244e-02
42.200000  1.095175e-02  1.095871e-02
42.300000  8.804370e-03  8.812193e-03
42.400000  6.584487e-03  6.593360e-03
42.500000  4.313110e-03  4.323265e-03
42.600000  2.011626e-03  2.023356e-03
42.700000 -2.984036e-04 -2.847277e-04
42.800000 -2.595462e-03 -2.579358e-03
42.900000 -4.858290e-03 -4.839119e-03
43.000000 -7.066106e-03 -7.043012e-03
43.100000 -9.198842e-03 -9.170643e-03
43.200000 -1.123740e-02 -1.120241e-02
43.300000 -1.316397e-02 -1.311970e-02
43.400000 -1.496243e-02 -1.490504e-02
43.500000 -1.661915e-02 -1.654225e-02
43.600000 -1.812462e-02 -1.801662e-02
43.700000 -1.947843e-02 -1.931503e-02
43.800000 -2.071025e-02 -2.042604e-02
43.900000 -2.205882e-02 -2.134003e-02
44.000000 -1.893321e-02 -2.204926e-02
44.100000 -2.195004e-02 -2.254795e-02
44.200000 -2.246374e-02 -2.283230e-02
44.300000 -2.261390e-02 -2.290055e-02
44.400000 -2.250538e-02 -2.275298e-02
44.500000 -2.216464e-02 -2.239189e-02
44.600000 -2.160444e-02 -2.182159e-02
44.700000 -2.083472e-02 -2.104831e-02
44.800000 -1.986536e-02 -2.008018e-02
44.900000 -1.870718e-02 -1.892715e-02
45.000000 -1.737219e-02 -1.760083e-02
45.100000 -1.587368e-02 -1.611445e-02
45.200000 -1.422620e-02 -1.448267e-02
45.300000 -1.244537e-02 -1.272148e-02
45.400000 -1.054779e-02 -1.084802e-02
45.500000 -8.550829e-03 -8.880400e-03
45.600000 -6.472375e-03 -6.837581e-03
45.700000 -4.330589e-03 -4.739136e-03
45.800000 -2.143567e-03 -2.605094e-03
45.900000  7.105901e-05 -4.557393e-04
46.000000  2.296659e-03  1.688576e-03
46.100000  4.518351e-03  3.807627e-03
46.200000  6.724151e-03  5.881505e-03
46.300000  8.906879e-03  7.890804e-03
46.400000  1.106764e-02  9.816803e-03
46.500000  1.322292e-02  1.164164e-02
46.600000  1.542076e-02  1.334847e-02
46.700000  1.778436e-02  1.492164e-02
46.800000  2.065878e-02  1.634682e-02
46.900000  2.533477e-02  1.761111e-02
47.000000  4.305890e-02  1.870320e-02
47.100000 -9.531341e-03  1.961346e-02
47.200000  1.009207e-02  2.033399e-02
47.300000  1.418868e-02  2.085873e-02
47.400000  1.597943e-02  2.118351e-02
47.500000  1.686751e-02  2.130603e-02
47.600000  1.723043e-02  2.122596e-02
47.700000  1.721324e-02  2.094485e-02
47.800000  1.688504e-02  2.046617e-02
47.900000  1.628461e-02  1.979523e-02
48.000000  1.543703e-02  1.893918e-02
48.100000  1.436065e-02  1.790685e-02
48.200000  1.307023e-02  1.670874e-02
48.300000  1.157833e-02  1.535687e-02
48.400000  9.895838e-03  1.386468e-02
48.500000  8.031823e-03  1.224689e-02
48.600000  5.992975e-03  1.051934e-02
48.700000  3.782419e-03  8.698877e-03
48.800000  1.397743e-03  6.803159e-03
48.900000 -1.172310e-03  4.850490e-03
49.000000 -3.953520e-03  2.859649e-03
49.100000 -6.996497e-03  8.497088e-04
49.200000 -1.039672e-02 -1.160147e-03
49.300000 -1.433720e-02 -3.150805e-03
49.400000 -1.919078e-02 -5.103406e-03
49.500000 -2.580942e-02 -6.999521e-03
49.600000 -3.657484e-02 -8.821324e-03
49.700000 -6.138157e-02 -1.055176e-02
49.800000 -2.527649e-01 -1.217472e-02
49.900000  8.185355e-02 -1.367514e-02
50.000000  2.634826e-02 -1.503922e-02
50.100000  1.084668e-02 -1.625448e-02
50.200000  3.239687e-03 -1.730991e-02
50.300000 -1.374282e-03 -1.819606e-02
50.400000 -4.464968e-03 -1.890513e-02
50.500000 -6.624207e-03 -1.943102e-02
50.600000 -8.135483e-03 -1.976943e-02
50.700000 -9.151676e-03 -1.991782e-02
50.800000 -9.763116e-03 -1.987550e-02
50.900000 -1.002752e-02 -1.964359e-02
51.000000 -9.984562e-03 -1.922501e-02
51.100000 -9.663552e-03 -1.862446e-02
51.200000 -9.087653e-03 -1.784834e-02
51.300000 -8.276332e-03 -1.690473e-02
51.400000 -7.246774e-03 -1.580325e-02
51.500000 -6.014674e-03 -1.455501e-02
51.600000 -4.594621e-03 -1.317248e-02
51.700000 -3.000182e-03 -1.166936e-02
51.800000 -1.243717e-03 -1.006045e-02
51.900000  6.640811e-04 -8.361533e-03
52.000000  2.714988e-03 -6.589165e-03
52.100000  4.904576e-03 -4.760562e-03
52.200000  7.234363e-03 -2.893412e-03
52.300000  9.715441e-03 -1.005713e-03
52.400000  1.237488e-02  8.844080e-04
52.500000  1.526787e-02  2.758861e-03
52.600000  1.850255e-02  4.599770e-03
52.700000  2.229707e-02  6.389643e-03
52.800000  2.713031e-02  8.111534e-03
52.900000  3.423646e-02  9.749210e-03
53.000000  4.791777e-02  1.128730e-02
53.100000  9.984271e-02  1.271143e-02
53.200000 -1.219037e-01  1.400838e-02
53.300000 -1.780984e-02  1.516618e-02
53.400000 -7.070711e-04  1.617425e-02
53.500000  6.736700e-03  1.702346e-02
53.600000  1.104378e-02  1.770625e-02
53.700000  1.387326e-02  1.821666e-02
53.800000  1.584031e-02  1.855042e-02
53.900000  1.722577e-02  1.870497e-02
54.000000  1.817693e-02  1.867945e-02
54.100000  1.877978e-02  1.847475e-02
54.200000  1.908942e-02  1.809348e-02
54.300000  1.914440e-02  1.753991e-02
54.400000  1.897406e-02  1.681996e-02
54.500000  1.860260e-02  1.594114e-02
54.600000  1.805133e-02  1.491243e-02
54.700000  1.734009e-02  1.374424e-02
54.800000  1.648804e-02  1.244828e-02
54.900000  1.551418e-02  1.103742e-02
55.000000  1.443760e-02  9.525629e-03
55.100000  1.327774e-02  7.927773e-03
55.200000  1.205436e-02  6.259501e-03
55.300000  1.078763e-02  4.537085e-03
55.400000  9.498090e-03  2.777262e-03
55.500000  8.206616e-03  9.970743e-04
55.600000  6.934379e-03 -7.862992e-04
55.700000  5.702790e-03 -2.555705e-03
55.800000  4.533469e-03 -4.294182e-03
55.900000  3.448222e-03 -5.985122e-03
56.000000  2.469053e-03 -7.612426e-03
56.100000  1.618221e-03 -9.160665e-03
56.200000  9.183536e-04 -1.061522e-02
56.300000  3.926491e-04 -1.196241e-02
56.400000  6.519074e-05 -1.318965e-02
56.500000 -3.857342e-05 -1.428554e-02
56.600000  1.088793e-04 -1.523998e-02
56.700000  5.381909e-04 -1.604426e-02
56.800000  1.284665e-03 -1.669115e-02
56.900000  2.390567e-03 -1.717497e-02
57.000000  3.908615e-03 -1.749159e-02
57.100000  5.907408e-03 -1.763854e-02
57.200000  8.480138e-03 -1.761498e-02
57.300000  1.175911e-02 -1.742171e-02
57.400000  1.594110e-02 -1.706116e-02
57.500000  2.133436e-02 -1.653737e-02
57.600000  2.845233e-02 -1.585593e-02
57.700000  3.821876e-02 -1.502394e-02
57.800000  5.247779e-02 -1.404993e-02
57.900000  7.551068e-02 -1.294374e-02
58.000000  1.200166e-01 -1.171650e-02
58.100000  2.476406e-01 -1.038044e-02
58.200000  6.896947e+00 -8.948796e-03
58.300000 -2.839370e-01 -7.435703e-03
58.400000 -1.405328e-01 -5.856022e-03
58.500000 -9.272716e-02 -4.225213e-03
58.600000 -6.809404e-02 -2.559179e-03
58.700000 -5.261289e-02 -8.741121e-04
58.800000 -4.168170e-02  8.136640e-04
58.900000 -3.335209e-02  2.487851e-03
59.000000 -2.666251e-02  4.132333e-03
59.100000 -2.108741e-02  5.731332e-03
59.200000 -1.631806e-02  7.269558e-03
59.300000 -1.216328e-02  8.732358e-03
59.400000 -8.499912e-03  1.010585e-02
59.500000 -5.246121e-03  1.137706e-02
59.600000 -2.346174e-03  1.253405e-02
59.700000  2.387519e-04  1.356600e-02
59.800000  2.536322e-03  1.446335e-02
59.900000  4.566789e-03  1.521787e-02
60.000000  6.345503e-03  1.582272e-02
60.100000  7.884638e-03  1.627255e-02
60.200000  9.194404e-03  1.656350e-02
60.300000  1.028391e-02  1.669327e-02
60.400000  1.116179e-02  1.666114e-02
60.500000  1.183664e-02  1.646791e-02
60.600000  1.231737e-02  1.611599e-02
60.700000  1.261339e-02  1.560928e-02
60.800000  1.273481e-02  1.495317e-02
60.900000  1.269248e-02  1.415450e-02
61.000000  1.249812e-02  1.322143e-02
61.100000  1.216425e-02  1.216342e-02
61.200000  1.170423e-02  1.099111e-02
61.300000  1.113222e-02  9.716197e-03
61.400000  1.046305e-02  8.351352e-03
61.500000  9.712248e-03  6.910066e-03
61.600000  8.895841e-03  5.406532e-03
61.700000  8.030319e-03  3.855501e-03
61.800000  7.132493e-03  2.272140e-03
61.900000  6.219383e-03  6.718822e-04
62.000000  5.308095e-03 -9.297239e-04
62.100000  4.415696e-03 -2.517162e-03
62.200000  3.559094e-03 -4.075101e-03
62.300000  2.754917e-03 -5.588542e-03
62.400000  2.019403e-03 -7.042961e-03
62.500000  1.368297e-03 -8.424451e-03
62.600000  8.167573e-04 -9.719851e-03
62.700000  3.792814e-04 -1.091688e-02
62.800000  6.964707e-05 -1.200423e-02
62.900000 -9.912271e-05 -1.297171e-02
63.000000 -1.147669e-04 -1.381031e-02
63.100000  3.424084e-05 -1.451230e-02
63.200000  3.587630e-04 -1.507129e-02
63.300000  8.691228e-04 -1.548231e-02
63.400000  1.575300e-03 -1.574181e-02
63.500000  2.487221e-03 -1.584775e-02
63.600000  3.615172e-03 -1.579957e-02
63.700000  4.970390e-03 -1.559821e-02
63.800000  6.565905e-03 -1.524608e-02
63.900000  8.417749e-03 -1.474707e-02
64.000000  1.054673e-02 -1.410647e-02
64.100000  1.298106e-02 -1.333091e-02
64.200000  1.576045e-02 -1.242833e-02
64.300000  1.894263e-02 -1.140788e-02
64.400000  2.261406e-02 -1.027982e-02
64.500000  2.690885e-02 -9.055416e-03
64.600000  3.204368e-02 -7.746856e-03
64.700000  3.838766e-02 -6.367092e-03
64.800000  4.661628e-02 -4.929734e-03
64.900000  5.809690e-02 -3.448913e-03
65.000000  7.604942e-02 -1.939139e-03
65.100000  1.102179e-01 -4.151616e-04
65.200000  2.100483e-01  1.108175e-03
65.300000 -1.138234e+01  2.616077e-03
65.400000 -1.684461e-01  4.093940e-03
65.500000 -7.354015e-02  5.527498e-03
65.600000 -4.046264e-02  6.902953e-03
65.700000 -2.310149e-02  8.207112e-03
65.800000 -1.212128e-02  9.427514e-03
65.900000 -4.400660e-03  1.055255e-02
66.000000  1.396385e-03  1.157156e-02
66.100000  5.934739e-03  1.247495e-02
66.200000  9.580990e-03  1.325429e-02
66.300000  1.255298e-02  1.390236e-02
66.400000  1.498795e-02  1.441325e-02
66.500000  1.697666e-02  1.478239e-02
66.600000  1.858181e-02  1.500661e-02
66.700000  1.984857e-02  1.508415e-02
66.800000  2.081093e-02  1.501468e-02
66.900000  2.149561e-02  1.479932e-02
67.000000  2.192461e-02  1.444057e-02
67.100000  2.211691e-02  1.394236e-02
67.200000  2.208957e-02  1.330992e-02
67.300000  2.185849e-02  1.254980e-02
67.400000  2.143898e-02  1.166976e-02
67.500000  2.084602e-02  1.067873e-02
67.600000  2.009456e-02  9.586654e-03
67.700000  1.919963e-02  8.404462e-03
67.800000  1.817640e-02  7.143917e-03
67.900000  1.704023e-02  5.817515e-03
68.000000  1.580661e-02  4.438357e-03
68.100000  1.449119e-02  3.020020e-03
68.200000  1.310963e-02  1.576426e-03
68.300000  1.167758e-02  1.217032e-04
68.400000  1.021056e-02 -1.329952e-03
68.500000  8.723857e-03 -2.764410e-03
68.600000  7.232442e-03 -4.167752e-03
68.700000  5.750826e-03 -5.526398e-03
68.800000  4.292972e-03 -6.827240e-03
68.900000  2.872178e-03 -8.057771e-03
69.000000  1.500974e-03 -9.206202e-03
69.100000  1.910207e-04 -1.026158e-02
69.200000 -1.046982e-03 -1.121388e-02
69.300000 -2.203385e-03 -1.205411e-02
69.400000 -3.269662e-03 -1.277441e-02
69.500000 -4.238481e-03 -1.336809e-02
69.600000 -5.103757e-03 -1.382973e-02
69.700000 -5.860698e-03 -1.415518e-02
69.800000 -6.505836e-03 -1.434167e-02
69.900000 -7.037050e-03 -1.438776e-02
70.000000 -7.453569e-03 -1.429339e-02
70.100000 -7.755968e-03 -1.405988e-02
70.200000 -7.946152e-03 -1.368989e-02
70.300000 -8.027319e-03 -1.318741e-02
70.400000 -8.003923e-03 -1.255771e-02
70.500000 -7.881611e-03 -1.180728e-02
70.600000 -7.667162e-03 -1.094377e-02
70.700000 -7.368404e-03 -9.975920e-03
70.800000 -6.994131e-03 -8.913458e-03
70.900000 -6.554000e-03 -7.767008e-03
71.000000 -6.058430e-03 -6.547987e-03
71.100000 -5.518489e-03 -5.268486e-03
71.200000 -4.945772e-03 -3.941155e-03
71.300000 -4.352283e-03 -2.579076e-03
71.400000 -3.750304e-03 -1.195636e-03
71.500000 -3.152269e-03  1.956067e-04
71.600000 -2.570630e-03  1.581053e-03
71.700000 -2.017733e-03  2.947198e-03
71.800000 -1.505685e-03  4.280759e-03
71.900000 -1.046232e-03  5.568810e-03
72.000000 -6.506384e-04  6.798898e-03
72.100000 -3.295711e-04  7.959175e-03
72.200000 -9.299357e-05  9.038502e-03
72.300000  4.993481e-05  1.002656e-02
72.400000  9.094795e-05  1.091395e-02
72.500000  2.275244e-05  1.169227e-02
72.600000 -1.609052e-04  1.235423e-02
72.700000 -4.651845e-04  1.289366e-02
72.800000 -8.941110e-04  1.330564e-02
72.900000 -1.450553e-03  1.358648e-02
73.000000 -2.136212e-03  1.373378e-02
73.100000 -2.951641e-03  1.374647e-02
73.200000 -3.896271e-03  1.362479e-02
73.300000 -4.968474e-03  1.337028e-02
73.400000 -6.165647e-03  1.298578e-02
73.500000 -7.484336e-03  1.247540e-02
73.600000 -8.920400e-03  1.184446e-02
73.700000 -1.046923e-02  1.109944e-02
73.800000 -1.212606e-02  1.024793e-02
73.900000 -1.388637e-02  9.298534e-03
74.000000 -1.574647e-02  8.260789e-03
74.100000 -1.770435e-02  7.145071e-03
74.200000 -1.976095e-02  5.962493e-03
74.300000 -2.192218e-02  4.724791e-03
74.400000 -2.420226e-02  3.444209e-03
74.500000 -2.662961e-02  2.133381e-03
74.600000 -2.925803e-02  8.052013e-04
74.700000 -3.218963e-02 -5.272981e-04
74.800000 -3.562772e-02 -1.851077e-03
74.900000 -4.001754e-02 -3.153213e-03
75.000000 -4.651242e-02 -4.421029e-03
75.100000 -5.919385e-02 -5.642215e-03
75.200000 -1.097126e-01 -6.804951e-03
75.300000  8.229359e-02 -7.898016e-03
75.400000 -4.423717e-04 -8.910899e-03
75.500000 -1.517979e-02 -9.833901e-03
75.600000 -2.169065e-02 -1.065823e-02
75.700000 -2.547463e-02 -1.137607e-02
75.800000 -2.795729e-02 -1.198067e-02
75.900000 -2.967101e-02 -1.246642e-02
76.000000 -3.085886e-02 -1.282887e-02
76.100000 -3.164751e-02 -1.306479e-02
76.200000 -3.210982e-02 -1.317220e-02
76.300000 -3.229137e-02 -1.315038e-02
76.400000 -3.222301e-02 -1.299986e-02
76.500000 -3.192734e-02 -1.272246e-02
76.600000 -3.142229e-02 -1.232122e-02
76.700000 -3.072313e-02 -1.180038e-02
76.800000 -2.984377e-02 -1.116534e-02
76.900000 -2.879745e-02 -1.042262e-02
77.000000 -2.759724e-02 -9.579748e-03
77.100000 -2.625630e-02 -8.645246e-03
77.200000 -2.478804e-02 -7.628492e-03
77.300000 -2.320623e-02 -6.539649e-03
77.400000 -2.152497e-02 -5.389563e-03
77.500000 -1.975871e-02 -4.189650e-03
77.600000 -1.792220e-02 -2.951788e-03
77.700000 -1.603038e-02 -1.688194e-03
77.800000 -1.409835e-02 -4.113086e-04
77.900000 -1.214125e-02  8.663280e-04
78.000000 -1.017413e-02  2.132200e-03
78.100000 -8.211907e-03  3.373938e-03
78.200000 -6.269176e-03  4.579438e-03
78.300000 -4.360158e-03  5.736983e-03
78.400000 -2.498564e-03  6.835352e-03
78.500000 -6.974922e-04  7.863932e-03
78.600000  1.030671e-03  8.812822e-03
78.700000  2.674348e-03  9.672921e-03
78.800000  4.222863e-03  1.043602e-02
78.900000  5.666517e-03  1.109490e-02
79.000000  6.996665e-03  1.164334e-02
79.100000  8.205776e-03  1.207625e-02
79.200000  9.287487e-03  1.238967e-02
79.300000  1.023664e-02  1.258084e-02
79.400000  1.104932e-02  1.264817e-02
79.500000  1.172287e-02  1.259132e-02
79.600000  1.225589e-02  1.241114e-02
79.700000  1.264824e-02  1.210971e-02
79.800000  1.290102e-02  1.169028e-02
79.900000  1.301655e-02  1.115726e-02
80.000000  1.299833e-02  1.051615e-02
80.100000  1.285096e-02  9.773494e-03
80.200000  1.258013e-02  8.936832e-03
80.300000  1.219251e-02  8.014595e-03
80.400000  1.169570e-02  7.016036e-03
80.500000  1.109810e-02  5.951134e-03
80.600000  1.040889e-02  4.830493e-03
80.700000  9.637852e-03  3.665241e-03
80.800000  8.795309e-03  2.466913e-03
80.900000  7.892013e-03  1.247345e-03
81.000000  6.939022e-03  1.854885e-05
81.100000  5.947594e-03 -1.207399e-03
81.200000  4.929071e-03 -2.418478e-03
81.300000  3.894763e-03 -3.602846e-03
81.400000  2.855839e-03 -4.748948e-03
81.500000  1.823217e-03 -5.845631e-03
81.600000  8.074562e-04 -6.882256e-03
81.700000 -1.813421e-04 -7.848796e-03
81.800000 -1.133630e-03 -8.735935e-03
81.900000 -2.040502e-03 -9.535160e-03
82.000000 -2.893775e-03 -1.023884e-02
82.100000 -3.686061e-03 -1.084029e-02
82.200000 -4.410831e-03 -1.133387e-02
82.300000 -5.062470e-03 -1.171498e-02
82.400000 -5.636319e-03 -1.198015e-02
82.500000 -6.128709e-03 -1.212706e-02
82.600000 -6.536983e-03 -1.215454e-02
82.700000 -6.859509e-03 -1.206262e-02
82.800000 -7.095681e-03 -1.185247e-02
82.900000 -7.245907e-03 -1.152644e-02
83.000000 -7.311587e-03 -1.108800e-02
83.100000 -7.295085e-03 -1.054173e-02
83.200000 -7.199685e-03 -9.893250e-03
83.300000 -7.029538e-03 -9.149160e-03
83.400000 -6.789605e-03 -8.316995e-03
83.500000 -6.485585e-03 -7.405134e-03
83.600000 -6.123839e-03 -6.422718e-03
83.700000 -5.711306e-03 -5.379560e-03
83.800000 -5.255414e-03 -4.286048e-03
83.900000 -4.763986e-03 -3.153038e-03
84.000000 -4.245138e-03 -1.991751e-03
84.100000 -3.707178e-03 -8.136580e-04
84.200000 -3.158504e-03  3.696307e-04
84.300000 -2.607499e-03  1.546480e-03
84.400000 -2.062420e-03  2.705346e-03
84.500000 -1.531304e-03  3.834887e-03
84.600000 -1.021859e-03  4.924075e-03
84.700000 -5.413665e-04  5.962303e-03
84.800000 -9.659198e-05  6.939492e-03
84.900000  3.063084e-04  7.846182e-03
85.000000  6.618691e-04  8.673628e-03
85.100000  9.653910e-04  9.413883e-03
85.200000  1.213010e-03  1.005988e-02
85.300000  1.401759e-03  1.060548e-02
85.400000  1.529615e-03  1.104556e-02
85.500000  1.595548e-03  1.137604e-02
85.600000  1.599549e-03  1.159392e-02
85.700000  1.542655e-03  1.169732e-02
85.800000  1.426964e-03  1.168549e-02
85.900000  1.255637e-03  1.155880e-02
86.000000  1.032896e-03  1.131877e-02
86.100000  7.640068e-04  1.096801e-02
86.200000  4.552586e-04  1.051023e-02
86.300000  1.139330e-04  9.950168e-03
86.400000 -2.517326e-04  9.293564e-03
86.500000 -6.325875e-04  8.547093e-03
86.600000 -1.018615e-03  7.718298e-03
86.700000 -1.398980e-03  6.815514e-03
86.800000 -1.762081e-03  5.847785e-03
86.900000 -2.095597e-03  4.824772e-03
87.000000 -2.386533e-03  3.756660e-03
87.100000 -2.621249e-03  2.654053e-03
87.200000 -2.785493e-03  1.527871e-03
87.300000 -2.864393e-03  3.892409e-04
87.400000 -2.842446e-03 -7.506124e-04
87.500000 -2.703460e-03 -1.880477e-03
87.600000 -2.430450e-03 -2.989263e-03
87.700000 -2.005476e-03 -4.066115e-03
87.800000 -1.409396e-03 -5.100512e-03
87.900000 -6.214952e-04 -6.082377e-03
88.000000  3.810346e-04 -7.002169e-03
88.100000  1.623855e-03 -7.850982e-03
88.200000  3.136561e-03 -8.620624e-03
88.300000  4.954239e-03 -9.303701e-03
88.400000  7.119750e-03 -9.893687e-03
88.500000  9.687112e-03 -1.038499e-02
88.600000  1.272665e-02 -1.077298e-02
88.700000  1.633303e-02 -1.105409e-02
88.800000  2.063828e-02 -1.122579e-02
88.900000  2.583369e-02 -1.128662e-02
89.000000  3.220858e-02 -1.123623e-02
89.100000  4.022348e-02 -1.107538e-02
89.200000  5.065891e-02 -1.080587e-02
89.300000  6.495083e-02 -1.043061e-02
89.400000  8.605702e-02 -9.953524e-03
89.500000  1.211874e-01 -9.379528e-03
89.600000  1.936915e-01 -8.714485e-03
89.700000  4.453535e-01 -7.965140e-03
89.800000 -1.669146e+00 -7.139053e-03
89.900000 -2.883499e-01 -6.244524e-03
90.000000 -1.546406e-01 -5.290507e-03
90.100000 -1.028831e-01 -4.286521e-03
90.200000 -7.468944e-02 -3.242559e-03
90.300000 -5.650062e-02 -2.168983e-03
90.400000 -4.349883e-02 -1.076427e-03
90.500000 -3.354647e-02  2.431407e-05
90.600000 -2.555397e-02  1.122385e-03
90.700000 -1.891077e-02  2.206983e-03
90.800000 -1.325050e-02  3.267459e-03
90.900000 -8.341878e-03  4.293425e-03
91.000000 -4.033048e-03  5.274855e-03
91.100000 -2.212444e-04  6.202182e-03
91.200000  3.164827e-03  7.066393e-03
91.300000  6.175675e-03  7.859115e-03
91.400000  8.847786e-03  8.572696e-03
91.500000  1.120805e-02  9.200282e-03
91.600000  1.327674e-02  9.735877e-03
91.700000  1.506960e-02  1.017441e-02
91.800000  1.659929e-02  1.051176e-02
91.900000  1.787642e-02  1.074483e-02
92.000000  1.891037e-02  1.087154e-02
92.100000  1.970979e-02  1.089089e-02
92.200000  2.028307e-02  1.080290e-02
92.300000  2.063864e-02  1.060867e-02
92.400000  2.078517e-02  1.031035e-02
92.500000  2.073176e-02  9.911086e-03
92.600000  2.048804e-02  9.415037e-03
92.700000  2.006423e-02  8.827293e-03
92.800000  1.947121e-02  8.153837e-03
92.900000  1.872048e-02  7.401487e-03
93.000000  1.782417e-02  6.577823e-03
93.100000  1.679501e-02  5.691109e-03
93.200000  1.564626e-02  4.750216e-03
93.300000  1.439168e-02  3.764528e-03
93.400000  1.304541e-02  2.743851e-03
93.500000  1.162191e-02  1.698317e-03
93.600000  1.013585e-02  6.382785e-04
93.700000  8.602038e-03 -4.257878e-04
93.800000  7.035285e-03 -1.483389e-03
93.900000  5.450321e-03 -2.524116e-03
94.000000  3.861678e-03 -3.537750e-03
94.100000  2.283583e-03 -4.514358e-03
94.200000  7.298581e-04 -5.444394e-03
94.300000 -7.861905e-04 -6.318789e-03
94.400000 -2.251865e-03 -7.129043e-03
94.500000 -3.655174e-03 -7.867304e-03
94.600000 -4.984917e-03 -8.526446e-03
94.700000 -6.230771e-03 -9.100138e-03
94.800000 -7.383360e-03 -9.582903e-03
94.900000 -8.434320e-03 -9.970173e-03
95.000000 -9.376359e-03 -1.025833e-02
95.100000 -1.020330e-02 -1.044473e-02
95.200000 -1.091012e-02 -1.052776e-02
95.300000 -1.149298e-02 -1.050681e-02
95.400000 -1.194923e-02 -1.038231e-02
95.500000 -1.227742e-02 -1.015568e-02
95.600000 -1.247731e-02 -9.829390e-03
95.700000 -1.254982e-02 -9.406849e-03
95.800000 -1.249703e-02 -8.892425e-03
95.900000 -1.232214e-02 -8.291380e-03
96.000000 -1.202942e-02 -7.609817e-03
96.100000 -1.162416e-02 -6.854623e-03
96.200000 -1.111258e-02 -6.033395e-03
96.300000 -1.050181e-02 -5.154367e-03
96.400000 -9.799753e-03 -4.226325e-03
96.500000 -9.015045e-03 -3.258522e-03
96.600000 -8.156938e-03 -2.260581e-03
96.700000 -7.235210e-03 -1.242407e-03
96.800000 -6.260070e-03 -2.140812e-04
96.900000 -5.242051e-03  8.142338e-04
97.000000 -4.191909e-03  1.832396e-03
97.100000 -3.120514e-03  2.830386e-03
97.200000 -2.038751e-03  3.798400e-03
97.300000 -9.574081e-04  4.726951e-03
97.400000  1.129162e-04  5.606963e-03
97.500000  1.161917e-03  6.429852e-03
97.600000  2.179675e-03  7.187617e-03
97.700000  3.156748e-03  7.872917e-03
97.800000  4.084251e-03  8.479136e-03
97.900000  4.953938e-03  9.000456e-03
98.000000  5.758268e-03  9.431903e-03
98.100000  6.490471e-03  9.769405e-03
98.200000  7.144599e-03  1.000982e-02
98.300000  7.715575e-03  1.015097e-02
98.400000  8.199227e-03  1.019166e-02
98.500000  8.592316e-03  1.013170e-02
98.600000  8.892551e-03  9.971878e-03
98.700000  9.098604e-03  9.713968e-03
98.800000  9.210102e-03  9.360713e-03
98.900000  9.227618e-03  8.915790e-03
99.000000  9.152652e-03  8.383773e-03
99.100000  8.987602e-03  7.770084e-03
99.200000  8.735727e-03  7.080943e-03
99.300000  8.401098e-03  6.323300e-03
99.400000  7.988551e-03  5.504768e-03
99.500000  7.503620e-03  4.633546e-03
99.600000  6.952478e-03  3.718336e-03
99.700000  6.341858e-03  2.768259e-03
99.800000  5.678983e-03  1.792760e-03
99.900000  4.971482e-03  8.015158e-04
100.000000  4.227307e-03 -1.956579e-04
