# Spherical Bessel functions via up and down recursion, l = 10
#   x       jdown(x)      jup(x)       rel. error     log10(x)    log10(rel.err.)
0.100000  7.271511e-21  3.426744e+02  1.000000e+00 -1.000000e+00  0.000000e+00
0.200000  7.441173e-18 -1.371593e-01  1.000000e+00 -6.989700e-01  0.000000e+00
0.300000  4.286293e-16  3.908256e-04  1.000000e+00 -5.228787e-01 -9.526109e-13
0.400000  7.599905e-15 -3.662896e-04  1.000000e+00 -3.979400e-01  0.000000e+00
0.500000  7.064124e-14 -2.153573e-05  1.000000e+00 -3.010300e-01  0.000000e+00
0.600000  4.363467e-13  3.815484e-06  9.999998e-01 -2.218487e-01 -9.933363e-08
0.700000  2.032691e-12 -7.701172e-07  1.000000e+00 -1.549020e-01  0.000000e+00
0.800000  7.701463e-12 -3.546635e-07  1.000000e+00 -9.691001e-02  0.000000e+00
0.900000  2.491675e-11 -1.198534e-07  1.000000e+00 -4.575749e-02  0.000000e+00
1.000000  7.116553e-11 -2.278955e-08  1.000000e+00 -4.821637e-17  0.000000e+00
1.100000  1.837427e-10  5.860302e-09  9.391988e-01  4.139269e-02 -2.724248e-02
1.200000  4.364346e-10 -4.876726e-09  1.000000e+00  7.918125e-02  0.000000e+00
1.300000  9.664368e-10 -1.533027e-09  1.000000e+00  1.139434e-01  0.000000e+00
1.400000  2.015872e-09  2.260301e-09  5.716049e-02  1.461280e-01 -1.242904e+00
1.500000  3.993441e-09  3.449675e-09  7.305616e-02  1.760913e-01 -1.136343e+00
1.600000  7.563022e-09  7.336673e-09  1.519154e-02  2.041200e-01 -1.818398e+00
1.700000  1.376747e-08  1.372920e-08  1.391811e-03  2.304489e-01 -2.856420e+00
1.800000  2.419736e-08  2.419953e-08  4.502898e-05  2.552725e-01 -4.346508e+00
1.900000  4.121588e-08  4.124506e-08  3.538774e-04  2.787536e-01 -3.451147e+00
2.000000  6.825301e-08  6.834199e-08  6.514322e-04  3.010300e-01 -3.186131e+00
2.100000  1.101832e-07  1.101869e-07  1.680760e-05  3.222193e-01 -4.774494e+00
2.200000  1.738026e-07  1.738001e-07  7.077831e-06  3.424227e-01 -5.150100e+00
2.300000  2.684239e-07  2.684280e-07  7.583388e-06  3.617278e-01 -5.120137e+00
2.400000  4.066066e-07  4.066024e-07  5.177837e-06  3.802112e-01 -5.285852e+00
2.500000  6.050436e-07  6.050456e-07  1.626307e-06  3.979400e-01 -5.788797e+00
2.600000  8.856241e-07  8.856258e-07  9.745110e-07  4.149733e-01 -6.011213e+00
2.700000  1.276695e-06  1.276698e-06  1.259922e-06  4.313638e-01 -5.899656e+00
2.800000  1.814543e-06  1.814543e-06  2.709449e-08  4.471580e-01 -7.567119e+00
2.900000  2.545114e-06  2.545114e-06  1.170729e-07  4.623980e-01 -6.931543e+00
3.000000  3.526004e-06  3.526003e-06  1.411516e-07  4.771213e-01 -6.850314e+00
3.100000  4.828719e-06  4.828720e-06  2.860831e-08  4.913617e-01 -7.543508e+00
3.200000  6.541251e-06  6.541251e-06  2.020680e-08  5.051500e-01 -7.694503e+00
3.300000  8.770955e-06  8.770955e-06  4.141315e-09  5.185139e-01 -8.382862e+00
3.400000  1.164777e-05  1.164777e-05  1.317649e-08  5.314789e-01 -7.880200e+00
3.500000  1.532779e-05  1.532779e-05  7.758162e-09  5.440680e-01 -8.110241e+00
3.600000  1.999713e-05  1.999713e-05  2.575093e-10  5.563025e-01 -9.589207e+00
3.700000  2.587622e-05  2.587622e-05  3.531740e-10  5.682017e-01 -9.452011e+00
3.800000  3.322440e-05  3.322440e-05  8.068406e-10  5.797836e-01 -9.093212e+00
3.900000  4.234485e-05  4.234485e-05  6.968580e-10  5.910646e-01 -9.156856e+00
4.000000  5.358987e-05  5.358987e-05  3.347041e-10  6.020600e-01 -9.475339e+00
4.100000  6.736642e-05  6.736642e-05  4.291690e-10  6.127839e-01 -9.367372e+00
4.200000  8.414202e-05  8.414202e-05  6.921061e-12  6.232493e-01 -1.115983e+01
4.300000  1.044508e-04  1.044508e-04  4.588330e-11  6.334685e-01 -1.033835e+01
4.400000  1.288997e-04  1.288997e-04  4.036433e-11  6.434527e-01 -1.039400e+01
4.500000  1.581752e-04  1.581752e-04  2.063298e-11  6.532125e-01 -1.068544e+01
4.600000  1.930493e-04  1.930493e-04  1.715789e-11  6.627578e-01 -1.076554e+01
4.700000  2.343867e-04  2.343867e-04  4.597251e-12  6.720979e-01 -1.133750e+01
4.800000  2.831506e-04  2.831506e-04  8.304476e-12  6.812412e-01 -1.108069e+01
4.900000  3.404099e-04  3.404099e-04  4.079097e-12  6.901961e-01 -1.138944e+01
5.000000  4.073442e-04  4.073442e-04  3.762888e-12  6.989700e-01 -1.142448e+01
5.100000  4.852508e-04  4.852508e-04  4.707474e-12  7.075702e-01 -1.132721e+01
5.200000  5.755489e-04  5.755489e-04  2.233022e-12  7.160033e-01 -1.165111e+01
5.300000  6.797854e-04  6.797854e-04  2.656576e-12  7.242759e-01 -1.157568e+01
5.400000  7.996384e-04  7.996384e-04  1.987835e-12  7.323938e-01 -1.170162e+01
5.500000  9.369210e-04  9.369210e-04  5.682416e-13  7.403627e-01 -1.224547e+01
5.600000  1.093584e-03  1.093584e-03  5.962408e-13  7.481880e-01 -1.222458e+01
5.700000  1.271716e-03  1.271716e-03  2.734983e-13  7.558749e-01 -1.256305e+01
5.800000  1.473545e-03  1.473545e-03  8.503386e-13  7.634280e-01 -1.207041e+01
5.900000  1.701440e-03  1.701440e-03  2.770023e-13  7.708520e-01 -1.255752e+01
6.000000  1.957901e-03  1.957901e-03  1.956978e-13  7.781513e-01 -1.270841e+01
6.100000  2.245565e-03  2.245565e-03  6.566341e-15  7.853298e-01 -1.418268e+01
6.200000  2.567194e-03  2.567194e-03  1.197727e-13  7.923917e-01 -1.292164e+01
6.300000  2.925670e-03  2.925670e-03  3.424183e-14  7.993405e-01 -1.346544e+01
6.400000  3.323985e-03  3.323985e-03  5.675452e-14  8.061800e-01 -1.324600e+01
6.500000  3.765233e-03  3.765233e-03  1.497345e-14  8.129134e-01 -1.382468e+01
6.600000  4.252595e-03  4.252595e-03  1.121783e-14  8.195439e-01 -1.395009e+01
6.700000  4.789324e-03  4.789324e-03  6.519714e-15  8.260748e-01 -1.418577e+01
6.800000  5.378731e-03  5.378731e-03  2.499494e-15  8.325089e-01 -1.460215e+01
6.900000  6.024163e-03  6.024163e-03  7.918925e-16  8.388491e-01 -1.510133e+01
7.000000  6.728985e-03  6.728985e-03  1.147204e-14  8.450980e-01 -1.394036e+01
7.100000  7.496556e-03  7.496556e-03  7.751992e-15  8.512583e-01 -1.411059e+01
7.200000  8.330202e-03  8.330202e-03  2.186573e-14  8.573325e-01 -1.366024e+01
7.300000  9.233193e-03  9.233193e-03  6.293948e-15  8.633229e-01 -1.420108e+01
7.400000  1.020871e-02  1.020871e-02  8.921102e-15  8.692317e-01 -1.404958e+01
7.500000  1.125983e-02  1.125983e-02  1.771725e-15  8.750613e-01 -1.475160e+01
7.600000  1.238946e-02  1.238946e-02  3.920449e-15  8.808136e-01 -1.440666e+01
7.700000  1.360035e-02  1.360035e-02  9.693797e-15  8.864907e-01 -1.401351e+01
7.800000  1.489500e-02  1.489500e-02  4.250917e-15  8.920946e-01 -1.437152e+01
7.900000  1.627570e-02  1.627570e-02  1.012545e-14  8.976271e-01 -1.399459e+01
8.000000  1.774441e-02  1.774441e-02  2.052995e-15  9.030900e-01 -1.468761e+01
8.100000  1.930280e-02  1.930280e-02  5.751615e-15  9.084850e-01 -1.424021e+01
8.200000  2.095216e-02  2.095216e-02  2.566629e-15  9.138139e-01 -1.459064e+01
8.300000  2.269338e-02  2.269338e-02  1.528837e-15  9.190781e-01 -1.481564e+01
8.400000  2.452691e-02  2.452691e-02  1.838911e-15  9.242793e-01 -1.473544e+01
8.500000  2.645274e-02  2.645274e-02  1.049251e-15  9.294189e-01 -1.497912e+01
8.600000  2.847034e-02  2.847034e-02  2.437236e-16  9.344985e-01 -1.561310e+01
8.700000  3.057865e-02  3.057865e-02  3.403794e-16  9.395193e-01 -1.546804e+01
8.800000  3.277602e-02  3.277602e-02  0.000000e+00  9.444827e-01 -2.000000e+01
8.900000  3.506020e-02  3.506020e-02  2.177050e-15  9.493900e-01 -1.466213e+01
9.000000  3.742834e-02  3.742834e-02  3.707829e-16  9.542425e-01 -1.543088e+01
9.100000  3.987688e-02  3.987688e-02  3.480159e-16  9.590414e-01 -1.545840e+01
9.200000  4.240163e-02  4.240163e-02  1.309175e-15  9.637878e-01 -1.488300e+01
9.300000  4.499769e-02  4.499769e-02  2.313083e-16  9.684829e-01 -1.563581e+01
9.400000  4.765945e-02  4.765945e-02  5.095764e-16  9.731279e-01 -1.529279e+01
9.500000  5.038057e-02  5.038057e-02  2.203673e-15  9.777236e-01 -1.465685e+01
9.600000  5.315403e-02  5.315403e-02  1.305431e-16  9.822712e-01 -1.588425e+01
9.700000  5.597205e-02  5.597205e-02  3.099268e-16  9.867717e-01 -1.550874e+01
9.800000  5.882614e-02  5.882614e-02  0.000000e+00  9.912261e-01 -2.000000e+01
9.900000  6.170714e-02  6.170714e-02  5.622440e-17  9.956352e-01 -1.625008e+01
10.000000  6.460515e-02  6.460515e-02  1.074046e-16  1.000000e+00 -1.596898e+01
10.100000  6.750966e-02  6.750966e-02  4.111349e-16  1.004321e+00 -1.538602e+01
10.200000  7.040949e-02  7.040949e-02  0.000000e+00  1.008600e+00 -2.000000e+01
10.300000  7.329287e-02  7.329287e-02  4.733676e-16  1.012837e+00 -1.532480e+01
10.400000  7.614748e-02  7.614748e-02  4.556221e-16  1.017033e+00 -1.534140e+01
10.500000  7.896045e-02  7.896045e-02  8.787809e-17  1.021189e+00 -1.605612e+01
10.600000  8.171851e-02  8.171851e-02  1.698243e-16  1.025306e+00 -1.577000e+01
10.700000  8.440794e-02  8.440794e-02  8.220665e-17  1.029384e+00 -1.608509e+01
10.800000  8.701470e-02  8.701470e-02  0.000000e+00  1.033424e+00 -2.000000e+01
10.900000  8.952449e-02  8.952449e-02  7.750833e-17  1.037426e+00 -1.611065e+01
11.000000  9.192281e-02  9.192281e-02  3.019444e-16  1.041393e+00 -1.552007e+01
11.100000  9.419506e-02  9.419506e-02  0.000000e+00  1.045323e+00 -2.000000e+01
11.200000  9.632661e-02  9.632661e-02  7.203507e-17  1.049218e+00 -1.614246e+01
11.300000  9.830288e-02  9.830288e-02  0.000000e+00  1.053078e+00 -2.000000e+01
11.400000  1.001095e-01  1.001095e-01  1.386261e-16  1.056905e+00 -1.585815e+01
11.500000  1.017322e-01  1.017322e-01  6.820744e-17  1.060698e+00 -1.616617e+01
11.600000  1.031573e-01  1.031573e-01  2.017955e-16  1.064458e+00 -1.569509e+01
11.700000  1.043713e-01  1.043713e-01  1.329655e-16  1.068186e+00 -1.587626e+01
11.800000  1.053616e-01  1.053616e-01  6.585793e-17  1.071882e+00 -1.618139e+01
11.900000  1.061158e-01  1.061158e-01  1.307797e-16  1.075547e+00 -1.588346e+01
12.000000  1.066225e-01  1.066225e-01  6.507906e-17  1.079181e+00 -1.618656e+01
12.100000  1.068713e-01  1.068713e-01  1.298551e-16  1.082785e+00 -1.588654e+01
12.200000  1.068525e-01  1.068525e-01  3.896340e-16  1.086360e+00 -1.540934e+01
12.300000  1.065575e-01  1.065575e-01  3.255940e-16  1.089905e+00 -1.548732e+01
12.400000  1.059788e-01  1.059788e-01  1.309487e-15  1.093422e+00 -1.488290e+01
12.500000  1.051103e-01  1.051103e-01  6.667550e-15  1.096910e+00 -1.417603e+01
12.600000  1.039470e-01  1.039470e-01  4.672789e-16  1.100371e+00 -1.533042e+01
12.700000  1.024855e-01  1.024855e-01  1.354123e-16  1.103804e+00 -1.586834e+01
12.800000  1.007235e-01  1.007235e-01  2.755621e-16  1.107210e+00 -1.555978e+01
12.900000  9.866054e-02  9.866054e-02  1.406620e-16  1.110590e+00 -1.585182e+01
13.000000  9.629760e-02  9.629760e-02  2.161703e-16  1.113943e+00 -1.566520e+01
13.100000  9.363725e-02  9.363725e-02  7.410399e-17  1.117271e+00 -1.613016e+01
13.200000  9.068374e-02  9.068374e-02  2.295525e-16  1.120574e+00 -1.563912e+01
13.300000  8.744298e-02  8.744298e-02  7.935335e-17  1.123852e+00 -1.610043e+01
13.400000  8.392256e-02  8.392256e-02  8.268211e-17  1.127105e+00 -1.608259e+01
13.500000  8.013175e-02  8.013175e-02  8.659357e-17  1.130334e+00 -1.606251e+01
13.600000  7.608152e-02  7.608152e-02  4.560170e-16  1.133539e+00 -1.534102e+01
13.700000  7.178450e-02  7.178450e-02  0.000000e+00  1.136721e+00 -2.000000e+01
13.800000  6.725494e-02  6.725494e-02  0.000000e+00  1.139879e+00 -2.000000e+01
13.900000  6.250868e-02  6.250868e-02  3.330206e-16  1.143015e+00 -1.547753e+01
14.000000  5.756311e-02  5.756311e-02  0.000000e+00  1.146128e+00 -2.000000e+01
14.100000  5.243707e-02  5.243707e-02  0.000000e+00  1.149219e+00 -2.000000e+01
14.200000  4.715079e-02  4.715079e-02  2.207458e-16  1.152288e+00 -1.565611e+01
14.300000  4.172581e-02  4.172581e-02  2.494461e-16  1.155336e+00 -1.560302e+01
14.400000  3.618485e-02  3.618485e-02  9.588120e-17  1.158362e+00 -1.601827e+01
14.500000  3.055173e-02  3.055173e-02  2.838994e-16  1.161368e+00 -1.554684e+01
14.600000  2.485123e-02  2.485123e-02  3.490217e-16  1.164353e+00 -1.545715e+01
14.700000  1.910895e-02  1.910895e-02  3.631227e-16  1.167317e+00 -1.543995e+01
14.800000  1.335119e-02  1.335119e-02  6.496512e-16  1.170262e+00 -1.518732e+01
14.900000  7.604792e-03  7.604792e-03  9.124370e-16  1.173186e+00 -1.503980e+01
15.000000  1.896979e-03  1.896979e-03  4.743794e-15  1.176091e+00 -1.432387e+01
15.100000 -3.744800e-03 -3.744800e-03  1.505515e-15  1.178977e+00 -1.482231e+01
15.200000 -9.293040e-03 -9.293040e-03  1.866691e-16  1.181844e+00 -1.572893e+01
15.300000 -1.472035e-02 -1.472035e-02  8.838394e-16  1.184691e+00 -1.505363e+01
15.400000 -1.999963e-02 -1.999963e-02  5.204266e-16  1.187521e+00 -1.528364e+01
15.500000 -2.510425e-02 -2.510425e-02  2.073024e-16  1.190332e+00 -1.568340e+01
15.600000 -3.000821e-02 -3.000821e-02  3.006032e-15  1.193125e+00 -1.452201e+01
15.700000 -3.468633e-02 -3.468633e-02  1.920451e-14  1.195900e+00 -1.371660e+01
15.800000 -3.911442e-02 -3.911442e-02  1.330499e-15  1.198657e+00 -1.487599e+01
15.900000 -4.326946e-02 -4.326946e-02  3.207294e-16  1.201397e+00 -1.549386e+01
16.000000 -4.712975e-02 -4.712975e-02  7.361480e-16  1.204120e+00 -1.513303e+01
16.100000 -5.067506e-02 -5.067506e-02  6.161813e-16  1.206826e+00 -1.521029e+01
16.200000 -5.388681e-02 -5.388681e-02  5.150718e-16  1.209515e+00 -1.528813e+01
16.300000 -5.674819e-02 -5.674819e-02  1.222752e-16  1.212188e+00 -1.591266e+01
16.400000 -5.924431e-02 -5.924431e-02  2.928085e-16  1.214844e+00 -1.553342e+01
16.500000 -6.136230e-02 -6.136230e-02  0.000000e+00  1.217484e+00 -2.000000e+01
16.600000 -6.309146e-02 -6.309146e-02  1.099815e-16  1.220108e+00 -1.595868e+01
16.700000 -6.442329e-02 -6.442329e-02  1.077079e-16  1.222716e+00 -1.596775e+01
16.800000 -6.535164e-02 -6.535164e-02  0.000000e+00  1.225309e+00 -2.000000e+01
16.900000 -6.587275e-02 -6.587275e-02  0.000000e+00  1.227887e+00 -2.000000e+01
17.000000 -6.598529e-02 -6.598529e-02  1.051582e-16  1.230449e+00 -1.597816e+01
17.100000 -6.569041e-02 -6.569041e-02  0.000000e+00  1.232996e+00 -2.000000e+01
17.200000 -6.499178e-02 -6.499178e-02  0.000000e+00  1.235528e+00 -2.000000e+01
17.300000 -6.389554e-02 -6.389554e-02  1.085975e-16  1.238046e+00 -1.596418e+01
17.400000 -6.241033e-02 -6.241033e-02  0.000000e+00  1.240549e+00 -2.000000e+01
17.500000 -6.054724e-02 -6.054724e-02  5.730149e-17  1.243038e+00 -1.624183e+01
17.600000 -5.831975e-02 -5.831975e-02  1.189802e-16  1.245513e+00 -1.592453e+01
17.700000 -5.574367e-02 -5.574367e-02  0.000000e+00  1.247973e+00 -2.000000e+01
17.800000 -5.283707e-02 -5.283707e-02  1.313262e-16  1.250420e+00 -1.588165e+01
17.900000 -4.962014e-02 -4.962014e-02  1.398403e-16  1.252853e+00 -1.585437e+01
18.000000 -4.611513e-02 -4.611513e-02  7.523447e-17  1.255273e+00 -1.612358e+01
18.100000 -4.234612e-02 -4.234612e-02  0.000000e+00  1.257679e+00 -2.000000e+01
18.200000 -3.833898e-02 -3.833898e-02  9.049398e-17  1.260071e+00 -1.604338e+01
18.300000 -3.412113e-02 -3.412113e-02  0.000000e+00  1.262451e+00 -2.000000e+01
18.400000 -2.972139e-02 -2.972139e-02  0.000000e+00  1.264818e+00 -2.000000e+01
18.500000 -2.516979e-02 -2.516979e-02  6.892086e-17  1.267172e+00 -1.616165e+01
18.600000 -2.049737e-02 -2.049737e-02  8.463151e-17  1.269513e+00 -1.607247e+01
18.700000 -1.573598e-02 -1.573598e-02  4.409572e-16  1.271842e+00 -1.535560e+01
18.800000 -1.091804e-02 -1.091804e-02  5.561009e-16  1.274158e+00 -1.525485e+01
18.900000 -6.076353e-03 -6.076353e-03  1.641554e-15  1.276462e+00 -1.478474e+01
19.000000 -1.243850e-03 -1.243850e-03  2.109393e-14  1.278754e+00 -1.367584e+01
19.100000  3.546623e-03  3.546623e-03  3.729539e-15  1.281033e+00 -1.442834e+01
19.200000  8.262542e-03  8.262542e-03  1.049752e-15  1.283301e+00 -1.497891e+01
19.300000  1.287193e-02  1.287193e-02  4.716878e-16  1.285557e+00 -1.532635e+01
19.400000  1.734359e-02  1.734359e-02  2.000420e-16  1.287802e+00 -1.569888e+01
19.500000  2.164732e-02  2.164732e-02  8.013571e-17  1.290035e+00 -1.609617e+01
19.600000  2.575414e-02  2.575414e-02  2.694283e-16  1.292256e+00 -1.556956e+01
19.700000  2.963649e-02  2.963649e-02  0.000000e+00  1.294466e+00 -2.000000e+01
19.800000  3.326845e-02  3.326845e-02  1.042864e-16  1.296665e+00 -1.598177e+01
19.900000  3.662589e-02  3.662589e-02  9.472663e-17  1.298853e+00 -1.602353e+01
20.000000  3.968670e-02  3.968670e-02  8.742090e-17  1.301030e+00 -1.605838e+01
20.100000  4.243092e-02  4.243092e-02  0.000000e+00  1.303196e+00 -2.000000e+01
20.200000  4.484089e-02  4.484089e-02  7.737240e-17  1.305351e+00 -1.611141e+01
20.300000  4.690139e-02  4.690139e-02  0.000000e+00  1.307496e+00 -2.000000e+01
20.400000  4.859976e-02  4.859976e-02  2.141645e-16  1.309630e+00 -1.566925e+01
20.500000  4.992598e-02  4.992598e-02  0.000000e+00  1.311754e+00 -2.000000e+01
20.600000  5.087275e-02  5.087275e-02  1.363971e-16  1.313867e+00 -1.586519e+01
20.700000  5.143556e-02  5.143556e-02  6.745230e-17  1.315970e+00 -1.617100e+01
20.800000  5.161273e-02  5.161273e-02  3.361038e-16  1.318063e+00 -1.547353e+01
20.900000  5.140538e-02  5.140538e-02  1.349838e-16  1.320146e+00 -1.586972e+01
21.000000  5.081747e-02  5.081747e-02  0.000000e+00  1.322219e+00 -2.000000e+01
21.100000  4.985577e-02  4.985577e-02  0.000000e+00  1.324282e+00 -2.000000e+01
21.200000  4.852977e-02  4.852977e-02  2.144733e-16  1.326336e+00 -1.566863e+01
21.300000  4.685166e-02  4.685166e-02  1.481035e-16  1.328380e+00 -1.582943e+01
21.400000  4.483620e-02  4.483620e-02  7.738049e-17  1.330414e+00 -1.611137e+01
21.500000  4.250062e-02  4.250062e-02  8.163285e-17  1.332438e+00 -1.608814e+01
21.600000  3.986452e-02  3.986452e-02  1.740619e-16  1.334454e+00 -1.575930e+01
21.700000  3.694967e-02  3.694967e-02  9.389657e-17  1.336460e+00 -1.602735e+01
21.800000  3.377986e-02  3.377986e-02  5.135378e-16  1.338456e+00 -1.528943e+01
21.900000  3.038075e-02  3.038075e-02  1.141989e-15  1.340444e+00 -1.494234e+01
22.000000  2.677964e-02  2.677964e-02  1.042921e-14  1.342423e+00 -1.398175e+01
22.100000  2.300527e-02  2.300527e-02  5.278384e-16  1.344392e+00 -1.527750e+01
22.200000  1.908759e-02  1.908759e-02  2.726468e-16  1.346353e+00 -1.556440e+01
22.300000  1.505755e-02  1.505755e-02  2.592139e-15  1.348305e+00 -1.458634e+01
22.400000  1.094684e-02  1.094684e-02  5.546379e-16  1.350248e+00 -1.525599e+01
22.500000  6.787645e-03  6.787645e-03  3.322420e-15  1.352183e+00 -1.447855e+01
22.600000  2.612412e-03  2.612412e-03  1.909090e-15  1.354108e+00 -1.471917e+01
22.700000 -1.546416e-03 -1.546416e-03  2.734315e-15  1.356026e+00 -1.456315e+01
22.800000 -5.656648e-03 -5.656648e-03  4.600048e-16  1.357935e+00 -1.533724e+01
22.900000 -9.686598e-03 -9.686598e-03  1.701307e-15  1.359835e+00 -1.476922e+01
23.000000 -1.360533e-02 -1.360533e-02  1.275032e-16  1.361728e+00 -1.589448e+01
23.100000 -1.738289e-02 -1.738289e-02  2.993846e-16  1.363612e+00 -1.552377e+01
23.200000 -2.099057e-02 -2.099057e-02  1.652860e-16  1.365488e+00 -1.578176e+01
23.300000 -2.440109e-02 -2.440109e-02  7.109204e-17  1.367356e+00 -1.614818e+01
23.400000 -2.758885e-02 -2.758885e-02  6.287771e-17  1.369216e+00 -1.620150e+01
23.500000 -3.053008e-02 -3.053008e-02  2.272806e-16  1.371068e+00 -1.564344e+01
23.600000 -3.320309e-02 -3.320309e-02  4.179667e-16  1.372912e+00 -1.537886e+01
23.700000 -3.558838e-02 -3.558838e-02  0.000000e+00  1.374748e+00 -2.000000e+01
23.800000 -3.766883e-02 -3.766883e-02  1.842078e-16  1.376577e+00 -1.573469e+01
23.900000 -3.942980e-02 -3.942980e-02  2.639714e-16  1.378398e+00 -1.557844e+01
24.000000 -4.085926e-02 -4.085926e-02  8.491213e-17  1.380211e+00 -1.607103e+01
24.100000 -4.194789e-02 -4.194789e-02  8.270849e-17  1.382017e+00 -1.608245e+01
24.200000 -4.268912e-02 -4.268912e-02  0.000000e+00  1.383815e+00 -2.000000e+01
24.300000 -4.307920e-02 -4.307920e-02  8.053648e-17  1.385606e+00 -1.609401e+01
24.400000 -4.311721e-02 -4.311721e-02  8.046547e-17  1.387390e+00 -1.609439e+01
24.500000 -4.280508e-02 -4.280508e-02  8.105222e-17  1.389166e+00 -1.609124e+01
24.600000 -4.214754e-02 -4.214754e-02  1.646334e-16  1.390935e+00 -1.578348e+01
24.700000 -4.115209e-02 -4.115209e-02  1.180311e-15  1.392697e+00 -1.492800e+01
24.800000 -3.982894e-02 -3.982894e-02  3.484348e-16  1.394452e+00 -1.545788e+01
24.900000 -3.819090e-02 -3.819090e-02  9.084487e-17  1.396199e+00 -1.604170e+01
25.000000 -3.625329e-02 -3.625329e-02  9.570021e-17  1.397940e+00 -1.601909e+01
25.100000 -3.403379e-02 -3.403379e-02  1.182519e-14  1.399674e+00 -1.392719e+01
25.200000 -3.155230e-02 -3.155230e-02  1.000623e-14  1.401401e+00 -1.399973e+01
25.300000 -2.883077e-02 -2.883077e-02  2.286428e-15  1.403121e+00 -1.464084e+01
25.400000 -2.589303e-02 -2.589303e-02  4.019746e-16  1.404834e+00 -1.539580e+01
25.500000 -2.276454e-02 -2.276454e-02  0.000000e+00  1.406540e+00 -2.000000e+01
25.600000 -1.947223e-02 -1.947223e-02  1.069044e-15  1.408240e+00 -1.497100e+01
25.700000 -1.604426e-02 -1.604426e-02  9.730904e-16  1.409933e+00 -1.501185e+01
25.800000 -1.250975e-02 -1.250975e-02  6.933486e-16  1.411620e+00 -1.515905e+01
25.900000 -8.898596e-03 -8.898596e-03  2.924152e-16  1.413300e+00 -1.553400e+01
26.000000 -5.241172e-03 -5.241172e-03  2.234115e-15  1.414973e+00 -1.465089e+01
26.100000 -1.568097e-03 -1.568097e-03  1.044033e-14  1.416641e+00 -1.398129e+01
26.200000  2.090021e-03  2.090021e-03  5.395020e-15  1.418301e+00 -1.426801e+01
26.300000  5.702841e-03  5.702841e-03  2.965812e-15  1.419956e+00 -1.452786e+01
26.400000  9.240540e-03  9.240540e-03  2.815945e-16  1.421604e+00 -1.555038e+01
26.500000  1.267406e-02  1.267406e-02  1.368720e-16  1.423246e+00 -1.586369e+01
26.600000  1.597535e-02  1.597535e-02  0.000000e+00  1.424882e+00 -2.000000e+01
26.700000  1.911758e-02  1.911758e-02  5.444382e-16  1.426511e+00 -1.526405e+01
26.800000  2.207540e-02  2.207540e-02  3.143270e-16  1.428135e+00 -1.550262e+01
26.900000  2.482510e-02  2.482510e-02  2.795112e-16  1.429752e+00 -1.555360e+01
27.000000  2.734484e-02  2.734484e-02  2.537551e-16  1.431364e+00 -1.559559e+01
27.100000  2.961482e-02  2.961482e-02  0.000000e+00  1.432969e+00 -2.000000e+01
27.200000  3.161741e-02  3.161741e-02  0.000000e+00  1.434569e+00 -2.000000e+01
27.300000  3.333735e-02  3.333735e-02  3.122126e-16  1.436163e+00 -1.550555e+01
27.400000  3.476179e-02  3.476179e-02  1.996127e-16  1.437751e+00 -1.569981e+01
27.500000  3.588047e-02  3.588047e-02  0.000000e+00  1.439333e+00 -2.000000e+01
27.600000  3.668576e-02  3.668576e-02  2.837161e-16  1.440909e+00 -1.554712e+01
27.700000  3.717271e-02  3.717271e-02  7.466654e-16  1.442480e+00 -1.512687e+01
27.800000  3.733909e-02  3.733909e-02  9.291728e-17  1.444045e+00 -1.603190e+01
27.900000  3.718541e-02  3.718541e-02  9.330130e-17  1.445604e+00 -1.603011e+01
28.000000  3.671489e-02  3.671489e-02  2.834910e-16  1.447158e+00 -1.554746e+01
28.100000  3.593343e-02  3.593343e-02  2.606906e-15  1.448706e+00 -1.458387e+01
28.200000  3.484956e-02  3.484956e-02  3.285314e-15  1.450249e+00 -1.448342e+01
28.300000  3.347433e-02  3.347433e-02  6.736924e-15  1.451786e+00 -1.417154e+01
28.400000  3.182125e-02  3.182125e-02  2.180585e-15  1.453318e+00 -1.466143e+01
28.500000  2.990612e-02  2.990612e-02  1.798175e-15  1.454845e+00 -1.474517e+01
28.600000  2.774692e-02  2.774692e-02  6.251951e-17  1.456366e+00 -1.620398e+01
28.700000  2.536361e-02  2.536361e-02  7.523359e-16  1.457882e+00 -1.512359e+01
28.800000  2.277802e-02  2.277802e-02  9.900509e-16  1.459392e+00 -1.500434e+01
28.900000  2.001359e-02  2.001359e-02  1.733546e-16  1.460898e+00 -1.576106e+01
29.000000  1.709517e-02  1.709517e-02  7.103215e-16  1.462398e+00 -1.514855e+01
29.100000  1.404883e-02  1.404883e-02  1.173042e-15  1.463893e+00 -1.493069e+01
29.200000  1.090164e-02  1.090164e-02  7.956252e-17  1.465383e+00 -1.609929e+01
29.300000  7.681370e-03  7.681370e-03  4.121492e-15  1.466868e+00 -1.438495e+01
29.400000  4.416319e-03  4.416319e-03  6.972173e-15  1.468347e+00 -1.415663e+01
29.500000  1.135024e-03  1.135024e-03  2.741492e-14  1.469822e+00 -1.356201e+01
29.600000 -2.133969e-03 -2.133969e-03  7.925865e-15  1.471292e+00 -1.410095e+01
29.700000 -5.362361e-03 -5.362361e-03  1.124162e-14  1.472756e+00 -1.394917e+01
29.800000 -8.522337e-03 -8.522337e-03  5.394081e-15  1.474216e+00 -1.426808e+01
29.900000 -1.158681e-02 -1.158681e-02  5.240039e-15  1.475671e+00 -1.428067e+01
30.000000 -1.452965e-02 -1.452965e-02  6.865040e-15  1.477121e+00 -1.416336e+01
30.100000 -1.732591e-02 -1.732591e-02  8.210094e-15  1.478566e+00 -1.408565e+01
30.200000 -1.995204e-02 -1.995204e-02  9.129192e-15  1.480007e+00 -1.403957e+01
30.300000 -2.238608e-02 -2.238608e-02  9.918870e-15  1.481443e+00 -1.400354e+01
30.400000 -2.460786e-02 -2.460786e-02  1.325300e-14  1.482874e+00 -1.387769e+01
30.500000 -2.659915e-02 -2.659915e-02  1.767388e-14  1.484300e+00 -1.375267e+01
30.600000 -2.834382e-02 -2.834382e-02  2.356311e-14  1.485721e+00 -1.362777e+01
30.700000 -2.982798e-02 -2.982798e-02  3.233563e-14  1.487138e+00 -1.349032e+01
30.800000 -3.104008e-02 -3.104008e-02  4.672117e-14  1.488551e+00 -1.333049e+01
30.900000 -3.197102e-02 -3.197102e-02  6.869222e-14  1.489958e+00 -1.316309e+01
31.000000 -3.261419e-02 -3.261419e-02  1.066976e-13  1.491362e+00 -1.297185e+01
31.100000 -3.296556e-02 -3.296556e-02  1.773372e-13  1.492760e+00 -1.275120e+01
31.200000 -3.302366e-02 -3.302366e-02  3.306221e-13  1.494155e+00 -1.248067e+01
31.300000 -3.278962e-02 -3.278962e-02  7.997067e-13  1.495544e+00 -1.209707e+01
31.400000 -3.226714e-02 -3.226714e-02  7.635073e-12  1.496930e+00 -1.111719e+01
31.500000 -3.146242e-02 -3.146242e-02  1.907718e-12  1.498311e+00 -1.171949e+01
31.600000 -3.038414e-02 -3.038414e-02  1.165669e-12  1.499687e+00 -1.193342e+01
31.700000 -2.904336e-02 -2.904336e-02  1.022317e-12  1.501059e+00 -1.199041e+01
31.800000 -2.745336e-02 -2.745336e-02  1.037421e-12  1.502427e+00 -1.198405e+01
31.900000 -2.562962e-02 -2.562962e-02  1.146369e-12  1.503791e+00 -1.194068e+01
32.000000 -2.358957e-02 -2.358957e-02  1.345005e-12  1.505150e+00 -1.187128e+01
32.100000 -2.135249e-02 -2.135249e-02  1.658397e-12  1.506505e+00 -1.178031e+01
32.200000 -1.893931e-02 -1.893931e-02  2.135052e-12  1.507856e+00 -1.167059e+01
32.300000 -1.637243e-02 -1.637243e-02  2.875273e-12  1.509203e+00 -1.154132e+01
32.400000 -1.367549e-02 -1.367549e-02  4.069700e-12  1.510545e+00 -1.139044e+01
32.500000 -1.087319e-02 -1.087319e-02  6.130695e-12  1.511883e+00 -1.121249e+01
32.600000 -7.991053e-03 -7.991053e-03  1.010653e-11  1.513218e+00 -1.099540e+01
32.700000 -5.055179e-03 -5.055179e-03  1.956385e-11  1.514548e+00 -1.070855e+01
32.800000 -2.092030e-03 -2.092030e-03  5.845278e-11  1.515874e+00 -1.023319e+01
32.900000  8.718124e-04  8.718124e-04  1.749991e-10  1.517196e+00 -9.756964e+00
33.000000  3.809887e-03  3.809887e-03  5.040893e-11  1.518514e+00 -1.029749e+01
33.100000  6.696084e-03  6.696084e-03  3.642329e-11  1.519828e+00 -1.043862e+01
33.200000  9.504881e-03  9.504881e-03  3.287611e-11  1.521138e+00 -1.048312e+01
33.300000  1.221156e-02  1.221156e-02  3.309126e-11  1.522444e+00 -1.048029e+01
33.400000  1.479244e-02  1.479244e-02  3.567387e-11  1.523746e+00 -1.044765e+01
33.500000  1.722507e-02  1.722507e-02  4.044019e-11  1.525045e+00 -1.039319e+01
33.600000  1.948843e-02  1.948843e-02  4.775084e-11  1.526339e+00 -1.032102e+01
33.700000  2.156312e-02  2.156312e-02  5.845713e-11  1.527630e+00 -1.023316e+01
33.800000  2.343150e-02  2.343150e-02  7.407033e-11  1.528917e+00 -1.013036e+01
33.900000  2.507788e-02  2.507788e-02  9.722756e-11  1.530200e+00 -1.001221e+01
34.000000  2.648865e-02  2.648865e-02  1.327032e-10  1.531479e+00 -9.877118e+00
34.100000  2.765234e-02  2.765234e-02  1.898021e-10  1.532754e+00 -9.721699e+00
34.200000  2.855977e-02  2.855977e-02  2.888105e-10  1.534026e+00 -9.539387e+00
34.300000  2.920413e-02  2.920413e-02  4.826303e-10  1.535294e+00 -9.316385e+00
34.400000  2.958098e-02  2.958098e-02  9.608958e-10  1.536558e+00 -9.017324e+00
34.500000  2.968830e-02  2.968830e-02  3.241333e-09  1.537819e+00 -8.489276e+00
34.600000  2.952655e-02  2.952655e-02  5.467055e-09  1.539076e+00 -8.262247e+00
34.700000  2.909856e-02  2.909856e-02  2.053565e-09  1.540329e+00 -8.687492e+00
34.800000  2.840959e-02  2.840959e-02  1.537868e-09  1.541579e+00 -8.813081e+00
34.900000  2.746722e-02  2.746722e-02  1.404421e-09  1.542825e+00 -8.852503e+00
35.000000  2.628126e-02  2.628126e-02  1.419952e-09  1.544068e+00 -8.847726e+00
35.100000  2.486372e-02  2.486372e-02  1.533686e-09  1.545307e+00 -8.814263e+00
35.200000  2.322861e-02  2.322861e-02  1.740663e-09  1.546543e+00 -8.759285e+00
35.300000  2.139186e-02  2.139186e-02  2.058989e-09  1.547775e+00 -8.686346e+00
35.400000  1.937115e-02  1.937115e-02  2.529236e-09  1.549003e+00 -8.597011e+00
35.500000  1.718575e-02  1.718575e-02  3.225273e-09  1.550228e+00 -8.491433e+00
35.600000  1.485633e-02  1.485633e-02  4.281397e-09  1.551450e+00 -8.368415e+00
35.700000  1.240478e-02  1.240478e-02  5.956915e-09  1.552668e+00 -8.224979e+00
35.800000  9.853992e-03  9.853992e-03  8.808158e-09  1.553883e+00 -8.055115e+00
35.900000  7.227650e-03  7.227650e-03  1.424810e-08  1.555094e+00 -7.846243e+00
36.000000  4.550027e-03  4.550027e-03  2.710799e-08  1.556303e+00 -7.566903e+00
36.100000  1.845750e-03  1.845750e-03  8.076701e-08  1.557507e+00 -7.092766e+00
36.200000 -8.604253e-04 -8.604249e-04  2.112807e-07  1.558709e+00 -6.675140e+00
36.300000 -3.543834e-03 -3.543833e-03  6.311852e-08  1.559907e+00 -7.199843e+00
36.400000 -6.180130e-03 -6.180130e-03  4.494601e-08  1.561101e+00 -7.347309e+00
36.500000 -8.745507e-03 -8.745506e-03  3.982660e-08  1.562293e+00 -7.399827e+00
36.600000 -1.121691e-02 -1.121691e-02  3.934524e-08  1.563481e+00 -7.405108e+00
36.700000 -1.357224e-02 -1.357224e-02  4.168062e-08  1.564666e+00 -7.380066e+00
36.800000 -1.579057e-02 -1.579057e-02  4.652617e-08  1.565848e+00 -7.332303e+00
36.900000 -1.785230e-02 -1.785230e-02  5.426994e-08  1.567026e+00 -7.265441e+00
37.000000 -1.973935e-02 -1.973934e-02  6.593496e-08  1.568202e+00 -7.180884e+00
37.100000 -2.143532e-02 -2.143531e-02  8.348771e-08  1.569374e+00 -7.078377e+00
37.200000 -2.292563e-02 -2.292562e-02  1.106867e-07  1.570543e+00 -6.955904e+00
37.300000 -2.419764e-02 -2.419764e-02  1.552946e-07  1.571709e+00 -6.808844e+00
37.400000 -2.524078e-02 -2.524077e-02  2.357903e-07  1.572872e+00 -6.627474e+00
37.500000 -2.604659e-02 -2.604657e-02  4.083769e-07  1.574031e+00 -6.388939e+00
37.600000 -2.660887e-02 -2.660882e-02  9.576345e-07  1.575188e+00 -6.018800e+00
37.700000 -2.691675e-02 -2.692354e-02  1.262128e-04  1.576341e+00 -3.898897e+00
37.800000 -2.698898e-02 -2.698905e-02  1.327906e-06  1.577492e+00 -5.876833e+00
37.900000 -2.680590e-02 -2.680594e-02  8.061488e-07  1.578639e+00 -6.093585e+00
38.000000 -2.637708e-02 -2.637711e-02  6.582240e-07  1.579784e+00 -6.181626e+00
38.100000 -2.570765e-02 -2.570768e-02  6.114222e-07  1.580925e+00 -6.213659e+00
38.200000 -2.480494e-02 -2.480497e-02  6.132074e-07  1.582063e+00 -6.212393e+00
38.300000 -2.367836e-02 -2.367839e-02  6.490342e-07  1.583199e+00 -6.187732e+00
38.400000 -2.233936e-02 -2.233939e-02  7.166767e-07  1.584331e+00 -6.144677e+00
38.500000 -2.080128e-02 -2.080131e-02  8.206509e-07  1.585461e+00 -6.085842e+00
38.600000 -1.907924e-02 -1.907928e-02  9.717784e-07  1.586587e+00 -6.012433e+00
38.700000 -1.718999e-02 -1.719003e-02  1.189548e-06  1.587711e+00 -5.924618e+00
38.800000 -1.515174e-02 -1.515178e-02  1.508071e-06  1.588832e+00 -5.821578e+00
38.900000 -1.298398e-02 -1.298404e-02  1.989442e-06  1.589950e+00 -5.701269e+00
39.000000 -1.070735e-02 -1.070741e-02  2.755944e-06  1.591065e+00 -5.559730e+00
39.100000 -8.343356e-03 -8.343424e-03  4.080001e-06  1.592177e+00 -5.389340e+00
39.200000 -5.914252e-03 -5.914331e-03  6.701626e-06  1.593286e+00 -5.173820e+00
39.300000 -3.442780e-03 -3.442873e-03  1.352608e-05  1.594393e+00 -4.868828e+00
39.400000 -9.519816e-04 -9.520920e-04  5.798901e-05  1.595496e+00 -4.236654e+00
39.500000  1.535025e-03  1.534893e-03  4.303226e-05  1.596597e+00 -4.366206e+00
39.600000  3.995256e-03  3.995097e-03  1.997064e-05  1.597695e+00 -4.699608e+00
39.700000  6.406074e-03  6.405879e-03  1.519846e-05  1.598791e+00 -4.818200e+00
39.800000  8.745393e-03  8.745153e-03  1.373715e-05  1.599883e+00 -4.862103e+00
39.900000  1.099189e-02  1.099159e-02  1.365529e-05  1.600973e+00 -4.864699e+00
40.000000  1.312518e-02  1.312480e-02  1.449457e-05  1.602060e+00 -4.838795e+00
40.100000  1.512604e-02  1.512555e-02  1.621625e-05  1.603144e+00 -4.790050e+00
40.200000  1.697654e-02  1.697590e-02  1.902670e-05  1.604226e+00 -4.720637e+00
40.300000  1.866025e-02  1.865937e-02  2.342507e-05  1.605305e+00 -4.630319e+00
40.400000  2.016235e-02  2.016112e-02  3.045502e-05  1.606381e+00 -4.516341e+00
40.500000  2.146986e-02  2.146804e-02  4.246237e-05  1.607455e+00 -4.371996e+00
40.600000  2.257185e-02  2.256888e-02  6.577844e-05  1.608526e+00 -4.181916e+00
40.700000  2.346022e-02  2.345437e-02  1.248801e-04  1.609594e+00 -3.903507e+00
40.800000  2.414068e-02  2.411725e-02  4.854573e-04  1.610660e+00 -3.313849e+00
40.900000  2.453378e-02  2.455238e-02  3.789513e-04  1.611723e+00 -3.421417e+00
41.000000  2.474870e-02  2.475675e-02  1.625037e-04  1.612784e+00 -3.789137e+00
41.100000  2.472374e-02  2.472950e-02  1.163482e-04  1.613842e+00 -3.934240e+00
41.200000  2.446708e-02  2.447193e-02  9.901061e-05  1.614897e+00 -4.004318e+00
41.300000  2.398304e-02  2.398748e-02  9.242860e-05  1.615950e+00 -4.034194e+00
41.400000  2.327741e-02  2.328168e-02  9.170368e-05  1.617000e+00 -4.037613e+00
41.500000  2.235784e-02  2.236210e-02  9.521833e-05  1.618048e+00 -4.021279e+00
41.600000  2.123391e-02  2.123827e-02  1.026141e-04  1.619093e+00 -3.988793e+00
41.700000  1.991703e-02  1.992158e-02  1.142608e-04  1.620136e+00 -3.942103e+00
41.800000  1.842034e-02  1.842517e-02  1.311864e-04  1.621176e+00 -3.882111e+00
41.900000  1.675860e-02  1.676380e-02  1.552695e-04  1.622214e+00 -3.808914e+00
42.000000  1.494803e-02  1.495370e-02  1.897469e-04  1.623249e+00 -3.721825e+00
42.100000  1.300618e-02  1.301244e-02  2.403219e-04  1.624282e+00 -3.619207e+00
42.200000  1.095175e-02  1.095871e-02  3.176952e-04  1.625312e+00 -3.497989e+00
42.300000  8.804370e-03  8.812193e-03  4.440707e-04  1.626340e+00 -3.352548e+00
42.400000  6.584487e-03  6.593360e-03  6.733207e-04  1.627366e+00 -3.171778e+00
42.500000  4.313110e-03  4.323265e-03  1.175864e-03  1.628389e+00 -2.929643e+00
42.600000  2.011626e-03  2.023356e-03  2.906927e-03  1.629410e+00 -2.536566e+00
42.700000 -2.984036e-04 -2.847277e-04  2.345247e-02  1.630428e+00 -1.629811e+00
42.800000 -2.595462e-03 -2.579358e-03  3.112146e-03  1.631444e+00 -2.506940e+00
42.900000 -4.858290e-03 -4.839119e-03  1.976845e-03  1.632457e+00 -2.704027e+00
43.000000 -7.066106e-03 -7.043012e-03  1.636755e-03  1.633468e+00 -2.786016e+00
43.100000 -9.198842e-03 -9.170643e-03  1.535133e-03  1.634477e+00 -2.813854e+00
43.200000 -1.123740e-02 -1.120241e-02  1.559254e-03  1.635484e+00 -2.807083e+00
43.300000 -1.316397e-02 -1.311970e-02  1.684122e-03  1.636488e+00 -2.773627e+00
43.400000 -1.496243e-02 -1.490504e-02  1.921622e-03  1.637490e+00 -2.716332e+00
43.500000 -1.661915e-02 -1.654225e-02  2.319014e-03  1.638489e+00 -2.634697e+00
43.600000 -1.812462e-02 -1.801662e-02  2.988265e-03  1.639486e+00 -2.524581e+00
43.700000 -1.947843e-02 -1.931503e-02  4.211988e-03  1.640481e+00 -2.375513e+00
43.800000 -2.071025e-02 -2.042604e-02  6.909001e-03  1.641474e+00 -2.160585e+00
43.900000 -2.205882e-02 -2.134003e-02  1.656224e-02  1.642465e+00 -1.780881e+00
44.000000 -1.893321e-02 -2.204926e-02  7.603393e-02  1.643453e+00 -1.118993e+00
44.100000 -2.195004e-02 -2.254795e-02  1.343676e-02  1.644439e+00 -1.871705e+00
44.200000 -2.246374e-02 -2.283230e-02  8.136514e-03  1.645422e+00 -2.089562e+00
44.300000 -2.261390e-02 -2.290055e-02  6.298035e-03  1.646404e+00 -2.200795e+00
44.400000 -2.250538e-02 -2.275298e-02  5.470765e-03  1.647383e+00 -2.261952e+00
44.500000 -2.216464e-02 -2.239189e-02  5.100390e-03  1.648360e+00 -2.292397e+00
44.600000 -2.160444e-02 -2.182159e-02  5.000288e-03  1.649335e+00 -2.301005e+00
44.700000 -2.083472e-02 -2.104831e-02  5.099626e-03  1.650308e+00 -2.292462e+00
44.800000 -1.986536e-02 -2.008018e-02  5.377865e-03  1.651278e+00 -2.269390e+00
44.900000 -1.870718e-02 -1.892715e-02  5.844934e-03  1.652246e+00 -2.233220e+00
45.000000 -1.737219e-02 -1.760083e-02  6.537762e-03  1.653213e+00 -2.184571e+00
45.100000 -1.587368e-02 -1.611445e-02  7.526715e-03  1.654177e+00 -2.123395e+00
45.200000 -1.422620e-02 -1.448267e-02  8.933659e-03  1.655138e+00 -2.048971e+00
45.300000 -1.244537e-02 -1.272148e-02  1.097138e-02  1.656098e+00 -1.959739e+00
45.400000 -1.054779e-02 -1.084802e-02  1.403195e-02  1.657056e+00 -1.852882e+00
45.500000 -8.550829e-03 -8.880400e-03  1.890698e-02  1.658011e+00 -1.723378e+00
45.600000 -6.472375e-03 -6.837581e-03  2.743853e-02  1.658965e+00 -1.561639e+00
45.700000 -4.330589e-03 -4.739136e-03  4.504515e-02  1.659916e+00 -1.346352e+00
45.800000 -2.143567e-03 -2.605094e-03  9.719087e-02  1.660865e+00 -1.012375e+00
45.900000  7.105901e-05 -4.557393e-04  1.000000e+00  1.661813e+00  0.000000e+00
46.000000  2.296659e-03  1.688576e-03  1.525839e-01  1.662758e+00 -8.164913e-01
46.100000  4.518351e-03  3.807627e-03  8.536221e-02  1.663701e+00 -1.068734e+00
46.200000  6.724151e-03  5.881505e-03  6.684670e-02  1.664642e+00 -1.174920e+00
46.300000  8.906879e-03  7.890804e-03  6.048901e-02  1.665581e+00 -1.218324e+00
46.400000  1.106764e-02  9.816803e-03  5.989339e-02  1.666518e+00 -1.222621e+00
46.500000  1.322292e-02  1.164164e-02  6.359565e-02  1.667453e+00 -1.196573e+00
46.600000  1.542076e-02  1.334847e-02  7.203125e-02  1.668386e+00 -1.142479e+00
46.700000  1.778436e-02  1.492164e-02  8.752872e-02  1.669317e+00 -1.057849e+00
46.800000  2.065878e-02  1.634682e-02  1.165220e-01  1.670246e+00 -9.335920e-01
46.900000  2.533477e-02  1.761111e-02  1.798464e-01  1.671173e+00 -7.450982e-01
47.000000  4.305890e-02  1.870320e-02  3.943470e-01  1.672098e+00 -4.041215e-01
47.100000 -9.531341e-03  1.961346e-02  1.000000e+00  1.673021e+00  0.000000e+00
47.200000  1.009207e-02  2.033399e-02  3.366166e-01  1.673942e+00 -4.728644e-01
47.300000  1.418868e-02  2.085873e-02  1.903152e-01  1.674861e+00 -7.205266e-01
47.400000  1.597943e-02  2.118351e-02  1.400339e-01  1.675778e+00 -8.537667e-01
47.500000  1.686751e-02  2.130603e-02  1.162722e-01  1.676694e+00 -9.345242e-01
47.600000  1.723043e-02  2.122596e-02  1.038975e-01  1.677607e+00 -9.833948e-01
47.700000  1.721324e-02  2.094485e-02  9.779323e-02  1.678518e+00 -1.009691e+00
47.800000  1.688504e-02  2.046617e-02  9.587705e-02  1.679428e+00 -1.018285e+00
47.900000  1.628461e-02  1.979523e-02  9.730163e-02  1.680336e+00 -1.011880e+00
48.000000  1.543703e-02  1.893918e-02  1.018773e-01  1.681241e+00 -9.919227e-01
48.100000  1.436065e-02  1.790685e-02  1.099002e-01  1.682145e+00 -9.590015e-01
48.200000  1.307023e-02  1.670874e-02  1.221841e-01  1.683047e+00 -9.129854e-01
48.300000  1.157833e-02  1.535687e-02  1.402826e-01  1.683947e+00 -8.529961e-01
48.400000  9.895838e-03  1.386468e-02  1.670353e-01  1.684845e+00 -7.771918e-01
48.500000  8.031823e-03  1.224689e-02  2.078566e-01  1.685742e+00 -6.822362e-01
48.600000  5.992975e-03  1.051934e-02  2.741205e-01  1.686636e+00 -5.620585e-01
48.700000  3.782419e-03  8.698877e-03  3.939060e-01  1.687529e+00 -4.046074e-01
48.800000  1.397743e-03  6.803159e-03  6.591245e-01  1.688420e+00 -1.810325e-01
48.900000 -1.172310e-03  4.850490e-03  1.000000e+00  1.689309e+00  0.000000e+00
49.000000 -3.953520e-03  2.859649e-03  1.000000e+00  1.690196e+00  0.000000e+00
49.100000 -6.996497e-03  8.497088e-04  1.000000e+00  1.691081e+00  0.000000e+00
49.200000 -1.039672e-02 -1.160147e-03  7.992281e-01  1.691965e+00 -9.732925e-02
49.300000 -1.433720e-02 -3.150805e-03  6.396609e-01  1.692847e+00 -1.940502e-01
49.400000 -1.919078e-02 -5.103406e-03  5.798661e-01  1.693727e+00 -2.366723e-01
49.500000 -2.580942e-02 -6.999521e-03  5.733162e-01  1.694605e+00 -2.416058e-01
49.600000 -3.657484e-02 -8.821324e-03  6.113626e-01  1.695482e+00 -2.137012e-01
49.700000 -6.138157e-02 -1.055176e-02  7.066238e-01  1.696356e+00 -1.508117e-01
49.800000 -2.527649e-01 -1.217472e-02  9.080944e-01  1.697229e+00 -4.186900e-02
49.900000  8.185355e-02 -1.367514e-02  1.000000e+00  1.698101e+00  0.000000e+00
50.000000  2.634826e-02 -1.503922e-02  1.000000e+00  1.698970e+00  0.000000e+00
50.100000  1.084668e-02 -1.625448e-02  1.000000e+00  1.699838e+00  0.000000e+00
50.200000  3.239687e-03 -1.730991e-02  1.000000e+00  1.700704e+00  0.000000e+00
50.300000 -1.374282e-03 -1.819606e-02  8.595547e-01  1.701568e+00 -6.572650e-02
50.400000 -4.464968e-03 -1.890513e-02  6.178905e-01  1.702431e+00 -2.090885e-01
50.500000 -6.624207e-03 -1.943102e-02  4.915257e-01  1.703291e+00 -3.084537e-01
50.600000 -8.135483e-03 -1.976943e-02  4.169139e-01  1.704151e+00 -3.799536e-01
50.700000 -9.151676e-03 -1.991782e-02  3.703588e-01  1.705008e+00 -4.313773e-01
50.800000 -9.763116e-03 -1.987550e-02  3.411895e-01  1.705864e+00 -4.670043e-01
50.900000 -1.002752e-02 -1.964359e-02  3.240888e-01  1.706718e+00 -4.893360e-01
51.000000 -9.984562e-03 -1.922501e-02  3.163500e-01  1.707570e+00 -4.998322e-01
51.100000 -9.663552e-03 -1.862446e-02  3.167740e-01  1.708421e+00 -4.992505e-01
51.200000 -9.087653e-03 -1.784834e-02  3.252410e-01  1.709270e+00 -4.877947e-01
51.300000 -8.276332e-03 -1.690473e-02  3.426542e-01  1.710117e+00 -4.651439e-01
51.400000 -7.246774e-03 -1.580325e-02  3.712133e-01  1.710963e+00 -4.303764e-01
51.500000 -6.014674e-03 -1.455501e-02  4.151905e-01  1.711807e+00 -3.817526e-01
51.600000 -4.594621e-03 -1.317248e-02  4.827945e-01  1.712650e+00 -3.162377e-01
51.700000 -3.000182e-03 -1.166936e-02  5.909644e-01  1.713491e+00 -2.284387e-01
51.800000 -1.243717e-03 -1.006045e-02  7.799544e-01  1.714330e+00 -1.079308e-01
51.900000  6.640811e-04 -8.361533e-03  1.000000e+00  1.715167e+00  0.000000e+00
52.000000  2.714988e-03 -6.589165e-03  1.000000e+00  1.716003e+00  0.000000e+00
52.100000  4.904576e-03 -4.760562e-03  1.000000e+00  1.716838e+00  0.000000e+00
52.200000  7.234363e-03 -2.893412e-03  1.000000e+00  1.717671e+00  0.000000e+00
52.300000  9.715441e-03 -1.005713e-03  1.000000e+00  1.718502e+00  0.000000e+00
52.400000  1.237488e-02  8.844080e-04  8.665980e-01  1.719331e+00 -6.218232e-02
52.500000  1.526787e-02  2.758861e-03  6.939144e-01  1.720159e+00 -1.586941e-01
52.600000  1.850255e-02  4.599770e-03  6.017916e-01  1.720986e+00 -2.205539e-01
52.700000  2.229707e-02  6.389643e-03  5.545224e-01  1.721811e+00 -2.560809e-01
52.800000  2.713031e-02  8.111534e-03  5.396646e-01  1.722634e+00 -2.678761e-01
52.900000  3.423646e-02  9.749210e-03  5.567097e-01  1.723456e+00 -2.543712e-01
53.000000  4.791777e-02  1.128730e-02  6.187050e-01  1.724276e+00 -2.085164e-01
53.100000  9.984271e-02  1.271143e-02  7.741277e-01  1.725095e+00 -1.111874e-01
53.200000 -1.219037e-01  1.400838e-02  1.000000e+00  1.725912e+00  0.000000e+00
53.300000 -1.780984e-02  1.516618e-02  1.000000e+00  1.726727e+00  0.000000e+00
53.400000 -7.070711e-04  1.617425e-02  1.000000e+00  1.727541e+00  0.000000e+00
53.500000  6.736700e-03  1.702346e-02  4.329416e-01  1.728354e+00 -3.635707e-01
53.600000  1.104378e-02  1.770625e-02  2.317376e-01  1.729165e+00 -6.350035e-01
53.700000  1.387326e-02  1.821666e-02  1.353510e-01  1.729974e+00 -8.685384e-01
53.800000  1.584031e-02  1.855042e-02  7.880355e-02  1.730782e+00 -1.103454e+00
53.900000  1.722577e-02  1.870497e-02  4.116801e-02  1.731589e+00 -1.385440e+00
54.000000  1.817693e-02  1.867945e-02  1.363447e-02  1.732394e+00 -1.865362e+00
54.100000  1.877978e-02  1.847475e-02  8.187769e-03  1.733197e+00 -2.086834e+00
54.200000  1.908942e-02  1.809348e-02  2.678507e-02  1.733999e+00 -1.572107e+00
54.300000  1.914440e-02  1.753991e-02  4.373780e-02  1.734800e+00 -1.359143e+00
54.400000  1.897406e-02  1.681996e-02  6.018038e-02  1.735599e+00 -1.220545e+00
54.500000  1.860260e-02  1.594114e-02  7.704602e-02  1.736397e+00 -1.113250e+00
54.600000  1.805133e-02  1.491243e-02  9.522271e-02  1.737193e+00 -1.021259e+00
54.700000  1.734009e-02  1.374424e-02  1.156805e-01  1.737987e+00 -9.367400e-01
54.800000  1.648804e-02  1.244828e-02  1.396089e-01  1.738781e+00 -8.550868e-01
54.900000  1.551418e-02  1.103742e-02  1.686059e-01  1.739572e+00 -7.731273e-01
55.000000  1.443760e-02  9.525629e-03  2.049797e-01  1.740363e+00 -6.882892e-01
55.100000  1.327774e-02  7.927773e-03  2.522914e-01  1.741152e+00 -5.980976e-01
55.200000  1.205436e-02  6.259501e-03  3.164194e-01  1.741939e+00 -4.997369e-01
55.300000  1.078763e-02  4.537085e-03  4.078736e-01  1.742725e+00 -3.894745e-01
55.400000  9.498090e-03  2.777262e-03  5.475059e-01  1.743510e+00 -2.616112e-01
55.500000  8.206616e-03  9.970743e-04  7.833316e-01  1.744293e+00 -1.060543e-01
55.600000  6.934379e-03 -7.862992e-04  1.000000e+00  1.745075e+00  0.000000e+00
55.700000  5.702790e-03 -2.555705e-03  1.000000e+00  1.745855e+00  0.000000e+00
55.800000  4.533469e-03 -4.294182e-03  1.000000e+00  1.746634e+00  0.000000e+00
55.900000  3.448222e-03 -5.985122e-03  1.000000e+00  1.747412e+00  0.000000e+00
56.000000  2.469053e-03 -7.612426e-03  1.000000e+00  1.748188e+00  0.000000e+00
56.100000  1.618221e-03 -9.160665e-03  1.000000e+00  1.748963e+00  0.000000e+00
56.200000  9.183536e-04 -1.061522e-02  1.000000e+00  1.749736e+00  0.000000e+00
56.300000  3.926491e-04 -1.196241e-02  1.000000e+00  1.750508e+00  0.000000e+00
56.400000  6.519074e-05 -1.318965e-02  1.000000e+00  1.751279e+00  0.000000e+00
56.500000 -3.857342e-05 -1.428554e-02  9.946142e-01  1.752048e+00 -2.345346e-03
56.600000  1.088793e-04 -1.523998e-02  1.000000e+00  1.752816e+00  0.000000e+00
56.700000  5.381909e-04 -1.604426e-02  1.000000e+00  1.753583e+00  0.000000e+00
56.800000  1.284665e-03 -1.669115e-02  1.000000e+00  1.754348e+00  0.000000e+00
56.900000  2.390567e-03 -1.717497e-02  1.000000e+00  1.755112e+00  0.000000e+00
57.000000  3.908615e-03 -1.749159e-02  1.000000e+00  1.755875e+00  0.000000e+00
57.100000  5.907408e-03 -1.763854e-02  1.000000e+00  1.756636e+00  0.000000e+00
57.200000  8.480138e-03 -1.761498e-02  1.000000e+00  1.757396e+00  0.000000e+00
57.300000  1.175911e-02 -1.742171e-02  1.000000e+00  1.758155e+00  0.000000e+00
57.400000  1.594110e-02 -1.706116e-02  1.000000e+00  1.758912e+00  0.000000e+00
57.500000  2.133436e-02 -1.653737e-02  1.000000e+00  1.759668e+00  0.000000e+00
57.600000  2.845233e-02 -1.585593e-02  1.000000e+00  1.760422e+00  0.000000e+00
57.700000  3.821876e-02 -1.502394e-02  1.000000e+00  1.761176e+00  0.000000e+00
57.800000  5.247779e-02 -1.404993e-02  1.000000e+00  1.761928e+00  0.000000e+00
57.900000  7.551068e-02 -1.294374e-02  1.000000e+00  1.762679e+00  0.000000e+00
58.000000  1.200166e-01 -1.171650e-02  1.000000e+00  1.763428e+00  0.000000e+00
58.100000  2.476406e-01 -1.038044e-02  1.000000e+00  1.764176e+00  0.000000e+00
58.200000  6.896947e+00 -8.948796e-03  1.000000e+00  1.764923e+00  0.000000e+00
58.300000 -2.839370e-01 -7.435703e-03  9.489609e-01  1.765669e+00 -2.275169e-02
58.400000 -1.405328e-01 -5.856022e-03  9.199936e-01  1.766413e+00 -3.621520e-02
58.500000 -9.272716e-02 -4.225213e-03  9.128394e-01  1.767156e+00 -3.960562e-02
58.600000 -6.809404e-02 -2.559179e-03  9.275566e-01  1.767898e+00 -3.265957e-02
58.700000 -5.261289e-02 -8.741121e-04  9.673150e-01  1.768638e+00 -1.443209e-02
58.800000 -4.168170e-02  8.136640e-04  1.000000e+00  1.769377e+00  0.000000e+00
58.900000 -3.335209e-02  2.487851e-03  1.000000e+00  1.770115e+00  0.000000e+00
59.000000 -2.666251e-02  4.132333e-03  1.000000e+00  1.770852e+00  0.000000e+00
59.100000 -2.108741e-02  5.731332e-03  1.000000e+00  1.771587e+00  0.000000e+00
59.200000 -1.631806e-02  7.269558e-03  1.000000e+00  1.772322e+00  0.000000e+00
59.300000 -1.216328e-02  8.732358e-03  1.000000e+00  1.773055e+00  0.000000e+00
59.400000 -8.499912e-03  1.010585e-02  1.000000e+00  1.773786e+00  0.000000e+00
59.500000 -5.246121e-03  1.137706e-02  1.000000e+00  1.774517e+00  0.000000e+00
59.600000 -2.346174e-03  1.253405e-02  1.000000e+00  1.775246e+00  0.000000e+00
59.700000  2.387519e-04  1.356600e-02  9.654102e-01  1.775974e+00 -1.528812e-02
59.800000  2.536322e-03  1.446335e-02  7.016034e-01  1.776701e+00 -1.539083e-01
59.900000  4.566789e-03  1.521787e-02  5.383504e-01  1.777427e+00 -2.689350e-01
60.000000  6.345503e-03  1.582272e-02  4.275136e-01  1.778151e+00 -3.690501e-01
60.100000  7.884638e-03  1.627255e-02  3.472221e-01  1.778874e+00 -4.593926e-01
60.200000  9.194404e-03  1.656350e-02  2.860906e-01  1.779596e+00 -5.434964e-01
60.300000  1.028391e-02  1.669327e-02  2.375846e-01  1.780317e+00 -6.241817e-01
60.400000  1.116179e-02  1.666114e-02  1.976552e-01  1.781037e+00 -7.040917e-01
60.500000  1.183664e-02  1.646791e-02  1.636228e-01  1.781755e+00 -7.861562e-01
60.600000  1.231737e-02  1.611599e-02  1.335973e-01  1.782473e+00 -8.742024e-01
60.700000  1.261339e-02  1.560928e-02  1.061517e-01  1.783189e+00 -9.740728e-01
60.800000  1.273481e-02  1.495317e-02  8.012021e-02  1.783904e+00 -1.096258e+00
60.900000  1.269248e-02  1.415450e-02  5.445728e-02  1.784617e+00 -1.263944e+00
61.000000  1.249812e-02  1.322143e-02  2.812291e-02  1.785330e+00 -1.550940e+00
61.100000  1.216425e-02  1.216342e-02  3.410702e-05  1.786041e+00 -4.467156e+00
61.200000  1.170423e-02  1.099111e-02  3.142176e-02  1.786751e+00 -1.502769e+00
61.300000  1.113222e-02  9.716197e-03  6.791978e-02  1.787460e+00 -1.168004e+00
61.400000  1.046305e-02  8.351352e-03  1.122386e-01  1.788168e+00 -9.498577e-01
61.500000  9.712248e-03  6.910066e-03  1.685796e-01  1.788875e+00 -7.731951e-01
61.600000  8.895841e-03  5.406532e-03  2.439672e-01  1.789581e+00 -6.126686e-01
61.700000  8.030319e-03  3.855501e-03  3.512435e-01  1.790285e+00 -4.543917e-01
61.800000  7.132493e-03  2.272140e-03  5.168040e-01  1.790988e+00 -2.866741e-01
61.900000  6.219383e-03  6.718822e-04  8.050047e-01  1.791691e+00 -9.420158e-02
62.000000  5.308095e-03 -9.297239e-04  1.000000e+00  1.792392e+00  0.000000e+00
62.100000  4.415696e-03 -2.517162e-03  1.000000e+00  1.793092e+00  0.000000e+00
62.200000  3.559094e-03 -4.075101e-03  1.000000e+00  1.793790e+00  0.000000e+00
62.300000  2.754917e-03 -5.588542e-03  1.000000e+00  1.794488e+00  0.000000e+00
62.400000  2.019403e-03 -7.042961e-03  1.000000e+00  1.795185e+00  0.000000e+00
62.500000  1.368297e-03 -8.424451e-03  1.000000e+00  1.795880e+00  0.000000e+00
62.600000  8.167573e-04 -9.719851e-03  1.000000e+00  1.796574e+00  0.000000e+00
62.700000  3.792814e-04 -1.091688e-02  1.000000e+00  1.797268e+00  0.000000e+00
62.800000  6.964707e-05 -1.200423e-02  1.000000e+00  1.797960e+00  0.000000e+00
62.900000 -9.912271e-05 -1.297171e-02  9.848330e-01  1.798651e+00 -6.637410e-03
63.000000 -1.147669e-04 -1.381031e-02  9.835165e-01  1.799341e+00 -7.218344e-03
63.100000  3.424084e-05 -1.451230e-02  1.000000e+00  1.800029e+00  0.000000e+00
63.200000  3.587630e-04 -1.507129e-02  1.000000e+00  1.800717e+00  0.000000e+00
63.300000  8.691228e-04 -1.548231e-02  1.000000e+00  1.801404e+00  0.000000e+00
63.400000  1.575300e-03 -1.574181e-02  1.000000e+00  1.802089e+00  0.000000e+00
63.500000  2.487221e-03 -1.584775e-02  1.000000e+00  1.802774e+00  0.000000e+00
63.600000  3.615172e-03 -1.579957e-02  1.000000e+00  1.803457e+00  0.000000e+00
63.700000  4.970390e-03 -1.559821e-02  1.000000e+00  1.804139e+00  0.000000e+00
63.800000  6.565905e-03 -1.524608e-02  1.000000e+00  1.804821e+00  0.000000e+00
63.900000  8.417749e-03 -1.474707e-02  1.000000e+00  1.805501e+00  0.000000e+00
64.000000  1.054673e-02 -1.410647e-02  1.000000e+00  1.806180e+00  0.000000e+00
64.100000  1.298106e-02 -1.333091e-02  1.000000e+00  1.806858e+00  0.000000e+00
64.200000  1.576045e-02 -1.242833e-02  1.000000e+00  1.807535e+00  0.000000e+00
64.300000  1.894263e-02 -1.140788e-02  1.000000e+00  1.808211e+00  0.000000e+00
64.400000  2.261406e-02 -1.027982e-02  1.000000e+00  1.808886e+00  0.000000e+00
64.500000  2.690885e-02 -9.055416e-03  1.000000e+00  1.809560e+00  0.000000e+00
64.600000  3.204368e-02 -7.746856e-03  1.000000e+00  1.810233e+00  0.000000e+00
64.700000  3.838766e-02 -6.367092e-03  1.000000e+00  1.810904e+00  0.000000e+00
64.800000  4.661628e-02 -4.929734e-03  1.000000e+00  1.811575e+00  0.000000e+00
64.900000  5.809690e-02 -3.448913e-03  1.000000e+00  1.812245e+00  0.000000e+00
65.000000  7.604942e-02 -1.939139e-03  1.000000e+00  1.812913e+00  0.000000e+00
65.100000  1.102179e-01 -4.151616e-04  1.000000e+00  1.813581e+00  0.000000e+00
65.200000  2.100483e-01  1.108175e-03  9.895038e-01  1.814248e+00 -4.582554e-03
65.300000 -1.138234e+01  2.616077e-03  1.000000e+00  1.814913e+00  0.000000e+00
65.400000 -1.684461e-01  4.093940e-03  1.000000e+00  1.815578e+00  0.000000e+00
65.500000 -7.354015e-02  5.527498e-03  1.000000e+00  1.816241e+00  0.000000e+00
65.600000 -4.046264e-02  6.902953e-03  1.000000e+00  1.816904e+00  0.000000e+00
65.700000 -2.310149e-02  8.207112e-03  1.000000e+00  1.817565e+00  0.000000e+00
65.800000 -1.212128e-02  9.427514e-03  1.000000e+00  1.818226e+00  0.000000e+00
65.900000 -4.400660e-03  1.055255e-02  1.000000e+00  1.818885e+00  0.000000e+00
66.000000  1.396385e-03  1.157156e-02  7.846404e-01  1.819544e+00 -1.053293e-01
66.100000  5.934739e-03  1.247495e-02  3.552592e-01  1.820201e+00 -4.494547e-01
66.200000  9.580990e-03  1.325429e-02  1.608607e-01  1.820858e+00 -7.935501e-01
66.300000  1.255298e-02  1.390236e-02  5.100585e-02  1.821514e+00 -1.292380e+00
66.400000  1.498795e-02  1.441325e-02  1.954693e-02  1.822168e+00 -1.708922e+00
66.500000  1.697666e-02  1.478239e-02  6.909116e-02  1.822822e+00 -1.160577e+00
66.600000  1.858181e-02  1.500661e-02  1.064414e-01  1.823474e+00 -9.728893e-01
66.700000  1.984857e-02  1.508415e-02  1.363886e-01  1.824126e+00 -8.652220e-01
66.800000  2.081093e-02  1.501468e-02  1.617906e-01  1.824776e+00 -7.910466e-01
66.900000  2.149561e-02  1.479932e-02  1.844966e-01  1.825426e+00 -7.340117e-01
67.000000  2.192461e-02  1.444057e-02  2.058022e-01  1.826075e+00 -6.865499e-01
67.100000  2.211691e-02  1.394236e-02  2.266977e-01  1.826723e+00 -6.445528e-01
67.200000  2.208957e-02  1.330992e-02  2.480163e-01  1.827369e+00 -6.055197e-01
67.300000  2.185849e-02  1.254980e-02  2.705365e-01  1.828015e+00 -5.677742e-01
67.400000  2.143898e-02  1.166976e-02  2.950645e-01  1.828660e+00 -5.300831e-01
67.500000  2.084602e-02  1.067873e-02  3.225177e-01  1.829304e+00 -4.914464e-01
67.600000  2.009456e-02  9.586654e-03  3.540255e-01  1.829947e+00 -4.509655e-01
67.700000  1.919963e-02  8.404462e-03  3.910713e-01  1.830589e+00 -4.077441e-01
67.800000  1.817640e-02  7.143917e-03  4.357167e-01  1.831230e+00 -3.607958e-01
67.900000  1.704023e-02  5.817515e-03  4.909808e-01  1.831870e+00 -3.089355e-01
68.000000  1.580661e-02  4.438357e-03  5.615349e-01  1.832509e+00 -2.506233e-01
68.100000  1.449119e-02  3.020020e-03  6.550758e-01  1.833147e+00 -1.837085e-01
68.200000  1.310963e-02  1.576426e-03  7.853166e-01  1.833784e+00 -1.049552e-01
68.300000  1.167758e-02  1.217032e-04  9.793711e-01  1.834421e+00 -9.052726e-03
68.400000  1.021056e-02 -1.329952e-03  1.000000e+00  1.835056e+00  0.000000e+00
68.500000  8.723857e-03 -2.764410e-03  1.000000e+00  1.835691e+00  0.000000e+00
68.600000  7.232442e-03 -4.167752e-03  1.000000e+00  1.836324e+00  0.000000e+00
68.700000  5.750826e-03 -5.526398e-03  1.000000e+00  1.836957e+00  0.000000e+00
68.800000  4.292972e-03 -6.827240e-03  1.000000e+00  1.837588e+00  0.000000e+00
68.900000  2.872178e-03 -8.057771e-03  1.000000e+00  1.838219e+00  0.000000e+00
69.000000  1.500974e-03 -9.206202e-03  1.000000e+00  1.838849e+00  0.000000e+00
69.100000  1.910207e-04 -1.026158e-02  1.000000e+00  1.839478e+00  0.000000e+00
69.200000 -1.046982e-03 -1.121388e-02  8.292155e-01  1.840106e+00 -8.133257e-02
69.300000 -2.203385e-03 -1.205411e-02  6.909156e-01  1.840733e+00 -1.605750e-01
69.400000 -3.269662e-03 -1.277441e-02  5.924150e-01  1.841359e+00 -2.273740e-01
69.500000 -4.238481e-03 -1.336809e-02  5.185343e-01  1.841985e+00 -2.852225e-01
69.600000 -5.103757e-03 -1.382973e-02  4.608750e-01  1.842609e+00 -3.364169e-01
69.700000 -5.860698e-03 -1.415518e-02  4.143951e-01  1.843233e+00 -3.825854e-01
69.800000 -6.505836e-03 -1.434167e-02  3.758642e-01  1.843855e+00 -4.249690e-01
69.900000 -7.037050e-03 -1.438776e-02  3.430932e-01  1.844477e+00 -4.645879e-01
70.000000 -7.453569e-03 -1.429339e-02  3.145185e-01  1.845098e+00 -5.023538e-01
70.100000 -7.755968e-03 -1.405988e-02  2.889602e-01  1.845718e+00 -5.391620e-01
70.200000 -7.946152e-03 -1.368989e-02  2.654709e-01  1.846337e+00 -5.759831e-01
70.300000 -8.027319e-03 -1.318741e-02  2.432316e-01  1.846955e+00 -6.139800e-01
70.400000 -8.003923e-03 -1.255771e-02  2.214701e-01  1.847573e+00 -6.546849e-01
70.500000 -7.881611e-03 -1.180728e-02  1.993849e-01  1.848189e+00 -7.003078e-01
70.600000 -7.667162e-03 -1.094377e-02  1.760582e-01  1.848805e+00 -7.543437e-01
70.700000 -7.368404e-03 -9.975920e-03  1.503383e-01  1.849419e+00 -8.229305e-01
70.800000 -6.994131e-03 -8.913458e-03  1.206548e-01  1.850033e+00 -9.184554e-01
70.900000 -6.554000e-03 -7.767008e-03  8.470133e-02  1.850646e+00 -1.072110e+00
71.000000 -6.058430e-03 -6.547987e-03  3.883393e-02  1.851258e+00 -1.410789e+00
71.100000 -5.518489e-03 -5.268486e-03  2.317637e-02  1.851870e+00 -1.634955e+00
71.200000 -4.945772e-03 -3.941155e-03  1.130444e-01  1.852480e+00 -9.467509e-01
71.300000 -4.352283e-03 -2.579076e-03  2.558239e-01  1.853090e+00 -5.920590e-01
71.400000 -3.750304e-03 -1.195636e-03  5.165182e-01  1.853698e+00 -2.869143e-01
71.500000 -3.152269e-03  1.956067e-04  1.000000e+00  1.854306e+00  0.000000e+00
71.600000 -2.570630e-03  1.581053e-03  1.000000e+00  1.854913e+00  0.000000e+00
71.700000 -2.017733e-03  2.947198e-03  1.000000e+00  1.855519e+00  0.000000e+00
71.800000 -1.505685e-03  4.280759e-03  1.000000e+00  1.856124e+00  0.000000e+00
71.900000 -1.046232e-03  5.568810e-03  1.000000e+00  1.856729e+00  0.000000e+00
72.000000 -6.506384e-04  6.798898e-03  1.000000e+00  1.857332e+00  0.000000e+00
72.100000 -3.295711e-04  7.959175e-03  1.000000e+00  1.857935e+00  0.000000e+00
72.200000 -9.299357e-05  9.038502e-03  1.000000e+00  1.858537e+00  0.000000e+00
72.300000  4.993481e-05  1.002656e-02  9.900889e-01  1.859138e+00 -4.325829e-03
72.400000  9.094795e-05  1.091395e-02  9.834714e-01  1.859739e+00 -7.238281e-03
72.500000  2.275244e-05  1.169227e-02  9.961157e-01  1.860338e+00 -1.690223e-03
72.600000 -1.609052e-04  1.235423e-02  1.000000e+00  1.860937e+00  0.000000e+00
72.700000 -4.651845e-04  1.289366e-02  1.000000e+00  1.861534e+00  0.000000e+00
72.800000 -8.941110e-04  1.330564e-02  1.000000e+00  1.862131e+00  0.000000e+00
72.900000 -1.450553e-03  1.358648e-02  1.000000e+00  1.862728e+00  0.000000e+00
73.000000 -2.136212e-03  1.373378e-02  1.000000e+00  1.863323e+00  0.000000e+00
73.100000 -2.951641e-03  1.374647e-02  1.000000e+00  1.863917e+00  0.000000e+00
73.200000 -3.896271e-03  1.362479e-02  1.000000e+00  1.864511e+00  0.000000e+00
73.300000 -4.968474e-03  1.337028e-02  1.000000e+00  1.865104e+00  0.000000e+00
73.400000 -6.165647e-03  1.298578e-02  1.000000e+00  1.865696e+00  0.000000e+00
73.500000 -7.484336e-03  1.247540e-02  1.000000e+00  1.866287e+00  0.000000e+00
73.600000 -8.920400e-03  1.184446e-02  1.000000e+00  1.866878e+00  0.000000e+00
73.700000 -1.046923e-02  1.109944e-02  1.000000e+00  1.867467e+00  0.000000e+00
73.800000 -1.212606e-02  1.024793e-02  1.000000e+00  1.868056e+00  0.000000e+00
73.900000 -1.388637e-02  9.298534e-03  1.000000e+00  1.868644e+00  0.000000e+00
74.000000 -1.574647e-02  8.260789e-03  1.000000e+00  1.869232e+00  0.000000e+00
74.100000 -1.770435e-02  7.145071e-03  1.000000e+00  1.869818e+00  0.000000e+00
74.200000 -1.976095e-02  5.962493e-03  1.000000e+00  1.870404e+00  0.000000e+00
74.300000 -2.192218e-02  4.724791e-03  1.000000e+00  1.870989e+00  0.000000e+00
74.400000 -2.420226e-02  3.444209e-03  1.000000e+00  1.871573e+00  0.000000e+00
74.500000 -2.662961e-02  2.133381e-03  1.000000e+00  1.872156e+00  0.000000e+00
74.600000 -2.925803e-02  8.052013e-04  1.000000e+00  1.872739e+00  0.000000e+00
74.700000 -3.218963e-02 -5.272981e-04  9.677660e-01  1.873321e+00 -1.422962e-02
74.800000 -3.562772e-02 -1.851077e-03  9.012201e-01  1.873902e+00 -4.516915e-02
74.900000 -4.001754e-02 -3.153213e-03  8.539190e-01  1.874482e+00 -6.858331e-02
75.000000 -4.651242e-02 -4.421029e-03  8.263998e-01  1.875061e+00 -8.280981e-02
75.100000 -5.919385e-02 -5.642215e-03  8.259544e-01  1.875640e+00 -8.304391e-02
75.200000 -1.097126e-01 -6.804951e-03  8.831944e-01  1.876218e+00 -5.394372e-02
75.300000  8.229359e-02 -7.898016e-03  1.000000e+00  1.876795e+00  0.000000e+00
75.400000 -4.423717e-04 -8.910899e-03  9.054081e-01  1.877371e+00 -4.315561e-02
75.500000 -1.517979e-02 -9.833901e-03  2.137185e-01  1.877947e+00 -6.701578e-01
75.600000 -2.169065e-02 -1.065823e-02  3.410450e-01  1.878522e+00 -4.671883e-01
75.700000 -2.547463e-02 -1.137607e-02  3.825861e-01  1.879096e+00 -4.172708e-01
75.800000 -2.795729e-02 -1.198067e-02  4.000359e-01  1.879669e+00 -3.979010e-01
75.900000 -2.967101e-02 -1.246642e-02  4.082969e-01  1.880242e+00 -3.890239e-01
76.000000 -3.085886e-02 -1.282887e-02  4.127013e-01  1.880814e+00 -3.843641e-01
76.100000 -3.164751e-02 -1.306479e-02  4.156063e-01  1.881385e+00 -3.813179e-01
76.200000 -3.210982e-02 -1.317220e-02  4.182150e-01  1.881955e+00 -3.786004e-01
76.300000 -3.229137e-02 -1.315038e-02  4.212205e-01  1.882525e+00 -3.754905e-01
76.400000 -3.222301e-02 -1.299986e-02  4.250758e-01  1.883093e+00 -3.715336e-01
76.500000 -3.192734e-02 -1.272246e-02  4.301223e-01  1.883661e+00 -3.664080e-01
76.600000 -3.142229e-02 -1.232122e-02  4.366606e-01  1.884229e+00 -3.598560e-01
76.700000 -3.072313e-02 -1.180038e-02  4.449951e-01  1.884795e+00 -3.516448e-01
76.800000 -2.984377e-02 -1.116534e-02  4.554703e-01  1.885361e+00 -3.415400e-01
76.900000 -2.879745e-02 -1.042262e-02  4.685060e-01  1.885926e+00 -3.292848e-01
77.000000 -2.759724e-02 -9.579748e-03  4.846410e-01  1.886491e+00 -3.145799e-01
77.100000 -2.625630e-02 -8.645246e-03  5.045923e-01  1.887054e+00 -2.970594e-01
77.200000 -2.478804e-02 -7.628492e-03  5.293456e-01  1.887617e+00 -2.762607e-01
77.300000 -2.320623e-02 -6.539649e-03  5.602988e-01  1.888179e+00 -2.515803e-01
77.400000 -2.152497e-02 -5.389563e-03  5.995054e-01  1.888741e+00 -2.222069e-01
77.500000 -1.975871e-02 -4.189650e-03  6.501097e-01  1.889302e+00 -1.870133e-01
77.600000 -1.792220e-02 -2.951788e-03  7.171803e-01  1.889862e+00 -1.443717e-01
77.700000 -1.603038e-02 -1.688194e-03  8.094436e-01  1.890421e+00 -9.181340e-02
77.800000 -1.409835e-02 -4.113086e-04  9.433056e-01  1.890980e+00 -2.534761e-02
77.900000 -1.214125e-02  8.663280e-04  1.000000e+00  1.891537e+00  0.000000e+00
78.000000 -1.017413e-02  2.132200e-03  1.000000e+00  1.892095e+00  0.000000e+00
78.100000 -8.211907e-03  3.373938e-03  1.000000e+00  1.892651e+00  0.000000e+00
78.200000 -6.269176e-03  4.579438e-03  1.000000e+00  1.893207e+00  0.000000e+00
78.300000 -4.360158e-03  5.736983e-03  1.000000e+00  1.893762e+00  0.000000e+00
78.400000 -2.498564e-03  6.835352e-03  1.000000e+00  1.894316e+00  0.000000e+00
78.500000 -6.974922e-04  7.863932e-03  1.000000e+00  1.894870e+00  0.000000e+00
78.600000  1.030671e-03  8.812822e-03  7.905884e-01  1.895423e+00 -1.020495e-01
78.700000  2.674348e-03  9.672921e-03  5.668114e-01  1.895975e+00 -2.465614e-01
78.800000  4.222863e-03  1.043602e-02  4.238495e-01  1.896526e+00 -3.727883e-01
78.900000  5.666517e-03  1.109490e-02  3.238617e-01  1.897077e+00 -4.896405e-01
79.000000  6.996665e-03  1.164334e-02  2.492850e-01  1.897627e+00 -6.033039e-01
79.100000  8.205776e-03  1.207625e-02  1.908327e-01  1.898176e+00 -7.193473e-01
79.200000  9.287487e-03  1.238967e-02  1.431086e-01  1.898725e+00 -8.443344e-01
79.300000  1.023664e-02  1.258084e-02  1.027369e-01  1.899273e+00 -9.882736e-01
79.400000  1.104932e-02  1.264817e-02  6.746904e-02  1.899821e+00 -1.170895e+00
79.500000  1.172287e-02  1.259132e-02  3.571760e-02  1.900367e+00 -1.447118e+00
79.600000  1.225589e-02  1.241114e-02  6.293842e-03  1.900913e+00 -2.201084e+00
79.700000  1.264824e-02  1.210971e-02  2.175166e-02  1.901458e+00 -1.662508e+00
79.800000  1.290102e-02  1.169028e-02  4.923429e-02  1.902003e+00 -1.307732e+00
79.900000  1.301655e-02  1.115726e-02  7.691344e-02  1.902547e+00 -1.113998e+00
80.000000  1.299833e-02  1.051615e-02  1.055596e-01  1.903090e+00 -9.765021e-01
80.100000  1.285096e-02  9.773494e-03  1.360239e-01  1.903633e+00 -8.663849e-01
80.200000  1.258013e-02  8.936832e-03  1.693221e-01  1.904174e+00 -7.712863e-01
80.300000  1.219251e-02  8.014595e-03  2.067548e-01  1.904716e+00 -6.845443e-01
80.400000  1.169570e-02  7.016036e-03  2.500923e-01  1.905256e+00 -6.018996e-01
80.500000  1.109810e-02  5.951134e-03  3.018886e-01  1.905796e+00 -5.201533e-01
80.600000  1.040889e-02  4.830493e-03  3.660514e-01  1.906335e+00 -4.364579e-01
80.700000  9.637852e-03  3.665241e-03  4.489641e-01  1.906874e+00 -3.477884e-01
80.800000  8.795309e-03  2.466913e-03  5.619136e-01  1.907411e+00 -2.503304e-01
80.900000  7.892013e-03  1.247345e-03  7.270389e-01  1.907949e+00 -1.384424e-01
81.000000  6.939022e-03  1.854885e-05  9.946680e-01  1.908485e+00 -2.321850e-03
81.100000  5.947594e-03 -1.207399e-03  1.000000e+00  1.909021e+00  0.000000e+00
81.200000  4.929071e-03 -2.418478e-03  1.000000e+00  1.909556e+00  0.000000e+00
81.300000  3.894763e-03 -3.602846e-03  1.000000e+00  1.910091e+00  0.000000e+00
81.400000  2.855839e-03 -4.748948e-03  1.000000e+00  1.910624e+00  0.000000e+00
81.500000  1.823217e-03 -5.845631e-03  1.000000e+00  1.911158e+00  0.000000e+00
81.600000  8.074562e-04 -6.882256e-03  1.000000e+00  1.911690e+00  0.000000e+00
81.700000 -1.813421e-04 -7.848796e-03  9.548346e-01  1.912222e+00 -2.007184e-02
81.800000 -1.133630e-03 -8.735935e-03  7.702776e-01  1.912753e+00 -1.133527e-01
81.900000 -2.040502e-03 -9.535160e-03  6.474496e-01  1.913284e+00 -1.887940e-01
82.000000 -2.893775e-03 -1.023884e-02  5.592995e-01  1.913814e+00 -2.523556e-01
82.100000 -3.686061e-03 -1.084029e-02  4.925003e-01  1.914343e+00 -3.075935e-01
82.200000 -4.410831e-03 -1.133387e-02  4.397060e-01  1.914872e+00 -3.568376e-01
82.300000 -5.062470e-03 -1.171498e-02  3.965150e-01  1.915400e+00 -4.017404e-01
82.400000 -5.636319e-03 -1.198015e-02  3.601080e-01  1.915927e+00 -4.435672e-01
82.500000 -6.128709e-03 -1.212706e-02  3.285729e-01  1.916454e+00 -4.833683e-01
82.600000 -6.536983e-03 -1.215454e-02  3.005405e-01  1.916980e+00 -5.220970e-01
82.700000 -6.859509e-03 -1.206262e-02  2.749747e-01  1.917506e+00 -5.607072e-01
82.800000 -7.095681e-03 -1.185247e-02  2.510422e-01  1.918030e+00 -6.002533e-01
82.900000 -7.245907e-03 -1.152644e-02  2.280232e-01  1.918555e+00 -6.420210e-01
83.000000 -7.311587e-03 -1.108800e-02  2.052445e-01  1.919078e+00 -6.877284e-01
83.100000 -7.295085e-03 -1.054173e-02  1.820195e-01  1.919601e+00 -7.398821e-01
83.200000 -7.199685e-03 -9.893250e-03  1.575836e-01  1.920123e+00 -8.024891e-01
83.300000 -7.029538e-03 -9.149160e-03  1.310132e-01  1.920645e+00 -8.826851e-01
83.400000 -6.789605e-03 -8.316995e-03  1.011075e-01  1.921166e+00 -9.952167e-01
83.500000 -6.485585e-03 -7.405134e-03  6.619881e-02  1.921686e+00 -1.179150e+00
83.600000 -6.123839e-03 -6.422718e-03  2.382161e-02  1.922206e+00 -1.623029e+00
83.700000 -5.711306e-03 -5.379560e-03  2.991160e-02  1.922725e+00 -1.524160e+00
83.800000 -5.255414e-03 -4.286048e-03  1.015952e-01  1.923244e+00 -9.931270e-01
83.900000 -4.763986e-03 -3.153038e-03  2.034789e-01  1.923762e+00 -6.914805e-01
84.000000 -4.245138e-03 -1.991751e-03  3.612998e-01  1.924279e+00 -4.421323e-01
84.100000 -3.707178e-03 -8.136580e-04  6.400409e-01  1.924796e+00 -1.937923e-01
84.200000 -3.158504e-03  3.696307e-04  1.000000e+00  1.925312e+00  0.000000e+00
84.300000 -2.607499e-03  1.546480e-03  1.000000e+00  1.925828e+00  0.000000e+00
84.400000 -2.062420e-03  2.705346e-03  1.000000e+00  1.926342e+00  0.000000e+00
84.500000 -1.531304e-03  3.834887e-03  1.000000e+00  1.926857e+00  0.000000e+00
84.600000 -1.021859e-03  4.924075e-03  1.000000e+00  1.927370e+00  0.000000e+00
84.700000 -5.413665e-04  5.962303e-03  1.000000e+00  1.927883e+00  0.000000e+00
84.800000 -9.659198e-05  6.939492e-03  1.000000e+00  1.928396e+00  0.000000e+00
84.900000  3.063084e-04  7.846182e-03  9.248552e-01  1.928908e+00 -3.392624e-02
85.000000  6.618691e-04  8.673628e-03  8.582038e-01  1.929419e+00 -6.640958e-02
85.100000  9.653910e-04  9.413883e-03  8.139772e-01  1.929930e+00 -8.938778e-02
85.200000  1.213010e-03  1.005988e-02  7.847916e-01  1.930440e+00 -1.052457e-01
85.300000  1.401759e-03  1.060548e-02  7.665144e-01  1.930949e+00 -1.154797e-01
85.400000  1.529615e-03  1.104556e-02  7.567246e-01  1.931458e+00 -1.210621e-01
85.500000  1.595548e-03  1.137604e-02  7.539934e-01  1.931966e+00 -1.226325e-01
85.600000  1.599549e-03  1.159392e-02  7.575241e-01  1.932474e+00 -1.206035e-01
85.700000  1.542655e-03  1.169732e-02  7.669701e-01  1.932981e+00 -1.152216e-01
85.800000  1.426964e-03  1.168549e-02  7.823498e-01  1.933487e+00 -1.065990e-01
85.900000  1.255637e-03  1.155880e-02  8.040277e-01  1.933993e+00 -9.472896e-02
86.000000  1.032896e-03  1.131877e-02  8.327519e-01  1.934498e+00 -7.948434e-02
86.100000  7.640068e-04  1.096801e-02  8.697570e-01  1.935003e+00 -6.060208e-02
86.200000  4.552586e-04  1.051023e-02  9.169652e-01  1.935507e+00 -3.764715e-02
86.300000  1.139330e-04  9.950168e-03  9.773585e-01  1.936011e+00 -9.946092e-03
86.400000 -2.517326e-04  9.293564e-03  1.000000e+00  1.936514e+00  0.000000e+00
86.500000 -6.325875e-04  8.547093e-03  1.000000e+00  1.937016e+00  0.000000e+00
86.600000 -1.018615e-03  7.718298e-03  1.000000e+00  1.937518e+00  0.000000e+00
86.700000 -1.398980e-03  6.815514e-03  1.000000e+00  1.938019e+00  0.000000e+00
86.800000 -1.762081e-03  5.847785e-03  1.000000e+00  1.938520e+00  0.000000e+00
86.900000 -2.095597e-03  4.824772e-03  1.000000e+00  1.939020e+00  0.000000e+00
87.000000 -2.386533e-03  3.756660e-03  1.000000e+00  1.939519e+00  0.000000e+00
87.100000 -2.621249e-03  2.654053e-03  1.000000e+00  1.940018e+00  0.000000e+00
87.200000 -2.785493e-03  1.527871e-03  1.000000e+00  1.940516e+00  0.000000e+00
87.300000 -2.864393e-03  3.892409e-04  1.000000e+00  1.941014e+00  0.000000e+00
87.400000 -2.842446e-03 -7.506124e-04  5.821875e-01  1.941511e+00 -2.349371e-01
87.500000 -2.703460e-03 -1.880477e-03  1.795364e-01  1.942008e+00 -7.458475e-01
87.600000 -2.430450e-03 -2.989263e-03  1.031075e-01  1.942504e+00 -9.867096e-01
87.700000 -2.005476e-03 -4.066115e-03  3.393902e-01  1.943000e+00 -4.693007e-01
87.800000 -1.409396e-03 -5.100512e-03  5.669998e-01  1.943495e+00 -2.464171e-01
87.900000 -6.214952e-04 -6.082377e-03  8.145862e-01  1.943989e+00 -8.906296e-02
88.000000  3.810346e-04 -7.002169e-03  1.000000e+00  1.944483e+00  0.000000e+00
88.100000  1.623855e-03 -7.850982e-03  1.000000e+00  1.944976e+00  0.000000e+00
88.200000  3.136561e-03 -8.620624e-03  1.000000e+00  1.945469e+00  0.000000e+00
88.300000  4.954239e-03 -9.303701e-03  1.000000e+00  1.945961e+00  0.000000e+00
88.400000  7.119750e-03 -9.893687e-03  1.000000e+00  1.946452e+00  0.000000e+00
88.500000  9.687112e-03 -1.038499e-02  1.000000e+00  1.946943e+00  0.000000e+00
88.600000  1.272665e-02 -1.077298e-02  1.000000e+00  1.947434e+00  0.000000e+00
88.700000  1.633303e-02 -1.105409e-02  1.000000e+00  1.947924e+00  0.000000e+00
88.800000  2.063828e-02 -1.122579e-02  1.000000e+00  1.948413e+00  0.000000e+00
88.900000  2.583369e-02 -1.128662e-02  1.000000e+00  1.948902e+00  0.000000e+00
89.000000  3.220858e-02 -1.123623e-02  1.000000e+00  1.949390e+00  0.000000e+00
89.100000  4.022348e-02 -1.107538e-02  1.000000e+00  1.949878e+00  0.000000e+00
89.200000  5.065891e-02 -1.080587e-02  1.000000e+00  1.950365e+00  0.000000e+00
89.300000  6.495083e-02 -1.043061e-02  1.000000e+00  1.950851e+00  0.000000e+00
89.400000  8.605702e-02 -9.953524e-03  1.000000e+00  1.951338e+00  0.000000e+00
89.500000  1.211874e-01 -9.379528e-03  1.000000e+00  1.951823e+00  0.000000e+00
89.600000  1.936915e-01 -8.714485e-03  1.000000e+00  1.952308e+00  0.000000e+00
89.700000  4.453535e-01 -7.965140e-03  1.000000e+00  1.952792e+00  0.000000e+00
89.800000 -1.669146e+00 -7.139053e-03  9.914823e-01  1.953276e+00 -3.715038e-03
89.900000 -2.883499e-01 -6.244524e-03  9.576060e-01  1.953760e+00 -1.881316e-02
90.000000 -1.546406e-01 -5.290507e-03  9.338402e-01  1.954243e+00 -2.972744e-02
90.100000 -1.028831e-01 -4.286521e-03  9.200049e-01  1.954725e+00 -3.620984e-02
90.200000 -7.468944e-02 -3.242559e-03  9.167849e-01  1.955207e+00 -3.773254e-02
90.300000 -5.650062e-02 -2.168983e-03  9.260611e-01  1.955688e+00 -3.336036e-02
90.400000 -4.349883e-02 -1.076427e-03  9.517030e-01  1.956168e+00 -2.149858e-02
90.500000 -3.354647e-02  2.431407e-05  1.000000e+00  1.956649e+00  0.000000e+00
90.600000 -2.555397e-02  1.122385e-03  1.000000e+00  1.957128e+00  0.000000e+00
90.700000 -1.891077e-02  2.206983e-03  1.000000e+00  1.957607e+00  0.000000e+00
90.800000 -1.325050e-02  3.267459e-03  1.000000e+00  1.958086e+00  0.000000e+00
90.900000 -8.341878e-03  4.293425e-03  1.000000e+00  1.958564e+00  0.000000e+00
91.000000 -4.033048e-03  5.274855e-03  1.000000e+00  1.959041e+00  0.000000e+00
91.100000 -2.212444e-04  6.202182e-03  1.000000e+00  1.959518e+00  0.000000e+00
91.200000  3.164827e-03  7.066393e-03  3.813392e-01  1.959995e+00 -4.186885e-01
91.300000  6.175675e-03  7.859115e-03  1.199476e-01  1.960471e+00 -9.210084e-01
91.400000  8.847786e-03  8.572696e-03  1.579114e-02  1.960946e+00 -1.801587e+00
91.500000  1.120805e-02  9.200282e-03  9.837971e-02  1.961421e+00 -1.007094e+00
91.600000  1.327674e-02  9.735877e-03  1.538662e-01  1.961895e+00 -8.128567e-01
91.700000  1.506960e-02  1.017441e-02  1.939153e-01  1.962369e+00 -7.123880e-01
91.800000  1.659929e-02  1.051176e-02  2.245407e-01  1.962843e+00 -6.487050e-01
91.900000  1.787642e-02  1.074483e-02  2.491714e-01  1.963316e+00 -6.035018e-01
92.000000  1.891037e-02  1.087154e-02  2.699230e-01  1.963788e+00 -5.687601e-01
92.100000  1.970979e-02  1.089089e-02  2.881929e-01  1.964260e+00 -5.403167e-01
92.200000  2.028307e-02  1.080290e-02  3.049663e-01  1.964731e+00 -5.157482e-01
92.300000  2.063864e-02  1.060867e-02  3.209865e-01  1.965202e+00 -4.935132e-01
92.400000  2.078517e-02  1.031035e-02  3.368595e-01  1.965672e+00 -4.725512e-01
92.500000  2.073176e-02  9.911086e-03  3.531223e-01  1.966142e+00 -4.520749e-01
92.600000  2.048804e-02  9.415037e-03  3.702963e-01  1.966611e+00 -4.314506e-01
92.700000  2.006423e-02  8.827293e-03  3.889355e-01  1.967080e+00 -4.101224e-01
92.800000  1.947121e-02  8.153837e-03  4.096780e-01  1.967548e+00 -3.875574e-01
92.900000  1.872048e-02  7.401487e-03  4.333131e-01  1.968016e+00 -3.631982e-01
93.000000  1.782417e-02  6.577823e-03  4.608782e-01  1.968483e+00 -3.364139e-01
93.100000  1.679501e-02  5.691109e-03  4.938113e-01  1.968950e+00 -3.064390e-01
93.200000  1.564626e-02  4.750216e-03  5.342122e-01  1.969416e+00 -2.722862e-01
93.300000  1.439168e-02  3.764528e-03  5.853179e-01  1.969882e+00 -2.326082e-01
93.400000  1.304541e-02  2.743851e-03  6.524409e-01  1.970347e+00 -1.854588e-01
93.500000  1.162191e-02  1.698317e-03  7.450018e-01  1.970812e+00 -1.278427e-01
93.600000  1.013585e-02  6.382785e-04  8.815165e-01  1.971276e+00 -5.476957e-02
93.700000  8.602038e-03 -4.257878e-04  1.000000e+00  1.971740e+00  0.000000e+00
93.800000  7.035285e-03 -1.483389e-03  1.000000e+00  1.972203e+00  0.000000e+00
93.900000  5.450321e-03 -2.524116e-03  1.000000e+00  1.972666e+00  0.000000e+00
94.000000  3.861678e-03 -3.537750e-03  1.000000e+00  1.973128e+00  0.000000e+00
94.100000  2.283583e-03 -4.514358e-03  1.000000e+00  1.973590e+00  0.000000e+00
94.200000  7.298581e-04 -5.444394e-03  1.000000e+00  1.974051e+00  0.000000e+00
94.300000 -7.861905e-04 -6.318789e-03  7.786931e-01  1.974512e+00 -1.086337e-01
94.400000 -2.251865e-03 -7.129043e-03  5.199046e-01  1.974972e+00 -2.840763e-01
94.500000 -3.655174e-03 -7.867304e-03  3.655577e-01  1.975432e+00 -4.370441e-01
94.600000 -4.984917e-03 -8.526446e-03  2.621148e-01  1.975891e+00 -5.815084e-01
94.700000 -6.230771e-03 -9.100138e-03  1.871622e-01  1.976350e+00 -7.277818e-01
94.800000 -7.383360e-03 -9.582903e-03  1.296422e-01  1.976808e+00 -8.872536e-01
94.900000 -8.434320e-03 -9.970173e-03  8.344989e-02  1.977266e+00 -1.078574e+00
95.000000 -9.376359e-03 -1.025833e-02  4.491889e-02  1.977724e+00 -1.347571e+00
95.100000 -1.020330e-02 -1.044473e-02  1.169273e-02  1.978181e+00 -1.932084e+00
95.200000 -1.091012e-02 -1.052776e-02  1.783572e-02  1.978637e+00 -1.748709e+00
95.300000 -1.149298e-02 -1.050681e-02  4.482628e-02  1.979093e+00 -1.348467e+00
95.400000 -1.194923e-02 -1.038231e-02  7.016648e-02  1.979548e+00 -1.153870e+00
95.500000 -1.227742e-02 -1.015568e-02  9.458079e-02  1.980003e+00 -1.024197e+00
95.600000 -1.247731e-02 -9.829390e-03  1.187051e-01  1.980458e+00 -9.255305e-01
95.700000 -1.254982e-02 -9.406849e-03  1.431441e-01  1.980912e+00 -8.442265e-01
95.800000 -1.249703e-02 -8.892425e-03  1.685224e-01  1.981366e+00 -7.733424e-01
95.900000 -1.232214e-02 -8.291380e-03  1.955396e-01  1.981819e+00 -7.087653e-01
96.000000 -1.202942e-02 -7.609817e-03  2.250395e-01  1.982271e+00 -6.477413e-01
96.100000 -1.162416e-02 -6.854623e-03  2.581087e-01  1.982723e+00 -5.881974e-01
96.200000 -1.111258e-02 -6.033395e-03  2.962319e-01  1.983175e+00 -5.283682e-01
96.300000 -1.050181e-02 -5.154367e-03  3.415547e-01  1.983626e+00 -4.665397e-01
96.400000 -9.799753e-03 -4.226325e-03  3.973618e-01  1.984077e+00 -4.008139e-01
96.500000 -9.015045e-03 -3.258522e-03  4.690180e-01  1.984527e+00 -3.288105e-01
96.600000 -8.156938e-03 -2.260581e-03  5.660039e-01  1.984977e+00 -2.471806e-01
96.700000 -7.235210e-03 -1.242407e-03  7.068971e-01  1.985426e+00 -1.506438e-01
96.800000 -6.260070e-03 -2.140812e-04  9.338659e-01  1.985875e+00 -2.971550e-02
96.900000 -5.242051e-03  8.142338e-04  1.000000e+00  1.986324e+00  0.000000e+00
97.000000 -4.191909e-03  1.832396e-03  1.000000e+00  1.986772e+00  0.000000e+00
97.100000 -3.120514e-03  2.830386e-03  1.000000e+00  1.987219e+00  0.000000e+00
97.200000 -2.038751e-03  3.798400e-03  1.000000e+00  1.987666e+00  0.000000e+00
97.300000 -9.574081e-04  4.726951e-03  1.000000e+00  1.988113e+00  0.000000e+00
97.400000  1.129162e-04  5.606963e-03  9.605180e-01  1.988559e+00 -1.749450e-02
97.500000  1.161917e-03  6.429852e-03  6.939008e-01  1.989005e+00 -1.587026e-01
97.600000  2.179675e-03  7.187617e-03  5.346200e-01  1.989450e+00 -2.719548e-01
97.700000  3.156748e-03  7.872917e-03  4.275895e-01  1.989895e+00 -3.689730e-01
97.800000  4.084251e-03  8.479136e-03  3.498169e-01  1.990339e+00 -4.561592e-01
97.900000  4.953938e-03  9.000456e-03  2.899816e-01  1.990783e+00 -5.376295e-01
98.000000  5.758268e-03  9.431903e-03  2.418429e-01  1.991226e+00 -6.164666e-01
98.100000  6.490471e-03  9.769405e-03  2.016580e-01  1.991669e+00 -6.953845e-01
98.200000  7.144599e-03  1.000982e-02  1.670252e-01  1.992111e+00 -7.772180e-01
98.300000  7.715575e-03  1.015097e-02  1.363103e-01  1.992554e+00 -8.654713e-01
98.400000  8.199227e-03  1.019166e-02  1.083382e-01  1.992995e+00 -9.652182e-01
98.500000  8.592316e-03  1.013170e-02  8.221456e-02  1.993436e+00 -1.085051e+00
98.600000  8.892551e-03  9.971878e-03  5.721491e-02  1.993877e+00 -1.242491e+00
98.700000  9.098604e-03  9.713968e-03  3.271022e-02  1.994317e+00 -1.485317e+00
98.800000  9.210102e-03  9.360713e-03  8.110103e-03  1.994757e+00 -2.090974e+00
98.900000  9.227618e-03  8.915790e-03  1.718681e-02  1.995196e+00 -1.764805e+00
99.000000  9.152652e-03  8.383773e-03  4.384469e-02  1.995635e+00 -1.358083e+00
99.100000  8.987602e-03  7.770084e-03  7.265432e-02  1.996074e+00 -1.138739e+00
99.200000  8.735727e-03  7.080943e-03  1.046228e-01  1.996512e+00 -9.803736e-01
99.300000  8.401098e-03  6.323300e-03  1.411127e-01  1.996949e+00 -8.504340e-01
99.400000  7.988551e-03  5.504768e-03  1.840750e-01  1.997386e+00 -7.350051e-01
99.500000  7.503620e-03  4.633546e-03  2.364699e-01  1.997823e+00 -6.262241e-01
99.600000  6.952478e-03  3.718336e-03  3.030829e-01  1.998259e+00 -5.184386e-01
99.700000  6.341858e-03  2.768259e-03  3.922670e-01  1.998695e+00 -4.064182e-01
99.800000  5.678983e-03  1.792760e-03  5.201228e-01  1.999131e+00 -2.838941e-01
99.900000  4.971482e-03  8.015158e-04  7.223225e-01  1.999565e+00 -1.412689e-01
100.000000  4.227307e-03 -1.956579e-04  1.000000e+00  2.000000e+00  0.000000e+00
